{
  "races": {
    "fl_sen": {
      "electorate": {
        "republican": 0.3333333333333333,
        "democratic": 0.3333333333333333,
        "independent": 0.3333333333333333
      },
      "state": {
        "mean": [
          0.86,
          0.1,
          0.08,
          0.88,
          0.46,
          0.46
        ],
        "covariance": [
          [
            0.04,
            0.0,
            0.0,
            0.0,
            0.0,
            0.0
          ],
          [
            0.0,
            0.04,
            0.0,
            0.0,
            0.0,
            0.0
          ],
          [
            0.0,
            0.0,
            0.04,
            0.0,
            0.0,
            0.0
          ],
          [
            0.0,
            0.0,
            0.0,
            0.04,
            0.0,
            0.0
          ],
          [
            0.0,
            0.0,
            0.0,
            0.0,
            0.04,
            0.0
          ],
          [
            0.0,
            0.0,
            0.0,
            0.0,
            0.0,
            0.04
          ]
        ]
      }
    },
    "tx_sen": {
      "electorate": {
        "republican": 0.3333333333333333,
        "democratic": 0.3333333333333333,
        "independent": 0.3333333333333333
      },
      "state": {
        "mean": [
          0.8040469993075235,
          0.07959594532784597,
          0.02404699930752357,
          0.859595945327846,
          0.4040469993075236,
          0.43959594532784596
        ],
        "covariance": [
          [
            0.02689768808434764,
            -0.00017878336730260815,
            -0.013102311915652361,
            -0.00017878336730260815,
            -0.013102311915652365,
            -0.00017878336730260815
          ],
          [
            -0.00017878336730260815,
            0.026903849759254674,
            -0.00017878336730260815,
            -0.013096150240745329,
            -0.00017878336730260815,
            -0.013096150240745327
          ],
          [
            -0.013102311915652361,
            -0.00017878336730260815,
            0.026897688084347636,
            -0.00017878336730260815,
            -0.013102311915652365,
            -0.00017878336730260815
          ],
          [
            -0.00017878336730260815,
            -0.013096150240745329,
            -0.00017878336730260815,
            0.026903849759254674,
            -0.00017878336730260815,
            -0.013096150240745327
          ],
          [
            -0.013102311915652365,
            -0.00017878336730260815,
            -0.013102311915652365,
            -0.00017878336730260815,
            0.026897688084347636,
            -0.00017878336730260815
          ],
          [
            -0.00017878336730260815,
            -0.013096150240745327,
            -0.00017878336730260815,
            -0.013096150240745327,
            -0.00017878336730260815,
            0.026903849759254674
          ]
        ]
      }
    },
    "ga_sen": {
      "electorate": {
        "republican": 0.3333333333333333,
        "democratic": 0.3333333333333333,
        "independent": 0.3333333333333333
      },
      "state": {
        "mean": [
          0.8355878016239335,
          0.12771427024863813,
          0.05558780162393359,
          0.9077142702486382,
          0.4355878016239336,
          0.4877142702486381
        ],
        "covariance": [
          [
            0.02722580282857427,
            -0.0005049759852377789,
            -0.012774197171425729,
            -0.0005049759852377789,
            -0.012774197171425729,
            -0.0005049759852377789
          ],
          [
            -0.0005049759852377789,
            0.02723367901372727,
            -0.0005049759852377789,
            -0.012766320986272735,
            -0.0005049759852377789,
            -0.012766320986272735
          ],
          [
            -0.012774197171425729,
            -0.0005049759852377789,
            0.02722580282857427,
            -0.0005049759852377789,
            -0.012774197171425727,
            -0.0005049759852377789
          ],
          [
            -0.0005049759852377789,
            -0.012766320986272735,
            -0.0005049759852377789,
            0.02723367901372727,
            -0.0005049759852377788,
            -0.012766320986272735
          ],
          [
            -0.012774197171425729,
            -0.0005049759852377789,
            -0.012774197171425727,
            -0.0005049759852377788,
            0.02722580282857427,
            -0.0005049759852377788
          ],
          [
            -0.0005049759852377789,
            -0.012766320986272735,
            -0.0005049759852377789,
            -0.012766320986272735,
            -0.0005049759852377788,
            0.02723367901372727
          ]
        ]
      }
    },
    "nh_sen": {
      "electorate": {
        "republican": 0.3333333333333333,
        "democratic": 0.3333333333333333,
        "independent": 0.3333333333333333
      },
      "state": {
        "mean": [
          0.86,
          0.1,
          0.08,
          0.88,
          0.46,
          0.46
        ],
        "covariance": [
          [
            0.04,
            0.0,
            0.0,
            0.0,
            0.0,
            0.0
          ],
          [
            0.0,
            0.04,
            0.0,
            0.0,
            0.0,
            0.0
          ],
          [
            0.0,
            0.0,
            0.04,
            0.0,
            0.0,
            0.0
          ],
          [
            0.0,
            0.0,
            0.0,
            0.04,
            0.0,
            0.0
          ],
          [
            0.0,
            0.0,
            0.0,
            0.0,
            0.04,
            0.0
          ],
          [
            0.0,
            0.0,
            0.0,
            0.0,
            0.0,
            0.04
          ]
        ]
      }
    },
    "ia_sen": {
      "electorate": {
        "republican": 0.3333333333333333,
        "democratic": 0.3333333333333333,
        "independent": 0.3333333333333333
      },
      "state": {
        "mean": [
          0.8433417966426695,
          0.0802881009854598,
          0.0633417966426695,
          0.8602881009854598,
          0.44334179664266954,
          0.44028810098545984
        ],
        "covariance": [
          [
            0.02727275625112598,
            -0.0004994324474920234,
            -0.012727243748874023,
            -0.0004994324474920234,
            -0.012727243748874023,
            -0.0004994324474920234
          ],
          [
            -0.0004994324474920234,
            0.027274927696549857,
            -0.0004994324474920234,
            -0.012725072303450144,
            -0.0004994324474920234,
            -0.012725072303450144
          ],
          [
            -0.012727243748874023,
            -0.0004994324474920234,
            0.02727275625112598,
            -0.0004994324474920234,
            -0.012727243748874023,
            -0.0004994324474920234
          ],
          [
            -0.0004994324474920234,
            -0.012725072303450144,
            -0.0004994324474920234,
            0.027274927696549857,
            -0.0004994324474920234,
            -0.012725072303450144
          ],
          [
            -0.012727243748874023,
            -0.0004994324474920234,
            -0.012727243748874023,
            -0.0004994324474920234,
            0.02727275625112598,
            -0.0004994324474920234
          ],
          [
            -0.0004994324474920234,
            -0.012725072303450144,
            -0.0004994324474920234,
            -0.012725072303450144,
            -0.0004994324474920234,
            0.027274927696549857
          ]
        ]
      }
    },
    "ak_sen": {
      "electorate": {
        "republican": 0.3333333333333333,
        "democratic": 0.3333333333333333,
        "independent": 0.3333333333333333
      },
      "state": {
        "mean": [
          0.86,
          0.1,
          0.08,
          0.88,
          0.46,
          0.46
        ],
        "covariance": [
          [
            0.04,
            0.0,
            0.0,
            0.0,
            0.0,
            0.0
          ],
          [
            0.0,
            0.04,
            0.0,
            0.0,
            0.0,
            0.0
          ],
          [
            0.0,
            0.0,
            0.04,
            0.0,
            0.0,
            0.0
          ],
          [
            0.0,
            0.0,
            0.0,
            0.04,
            0.0,
            0.0
          ],
          [
            0.0,
            0.0,
            0.0,
            0.0,
            0.04,
            0.0
          ],
          [
            0.0,
            0.0,
            0.0,
            0.0,
            0.0,
            0.04
          ]
        ]
      }
    },
    "mi_sen": {
      "electorate": {
        "republican": 0.3333333333333333,
        "democratic": 0.3333333333333333,
        "independent": 0.3333333333333333
      },
      "state": {
        "mean": [
          0.86,
          0.1,
          0.08,
          0.88,
          0.46,
          0.46
        ],
        "covariance": [
          [
            0.04,
            0.0,
            0.0,
            0.0,
            0.0,
            0.0
          ],
          [
            0.0,
            0.04,
            0.0,
            0.0,
            0.0,
            0.0
          ],
          [
            0.0,
            0.0,
            0.04,
            0.0,
            0.0,
            0.0
          ],
          [
            0.0,
            0.0,
            0.0,
            0.04,
            0.0,
            0.0
          ],
          [
            0.0,
            0.0,
            0.0,
            0.0,
            0.04,
            0.0
          ],
          [
            0.0,
            0.0,
            0.0,
            0.0,
            0.0,
            0.04
          ]
        ]
      }
    },
    "oh_sen": {
      "electorate": {
        "republican": 0.3333333333333333,
        "democratic": 0.3333333333333333,
        "independent": 0.3333333333333333
      },
      "state": {
        "mean": [
          0.9003717901666413,
          0.07290056350642914,
          0.12037179016664122,
          0.8529005635064292,
          0.5003717901666412,
          0.43290056350642914
        ],
        "covariance": [
          [
            0.027225170881115167,
            -0.0005095130976597949,
            -0.012774829118884834,
            -0.0005095130976597949,
            -0.012774829118884834,
            -0.0005095130976597949
          ],
          [
            -0.0005095130976597949,
            0.02721984263957101,
            -0.0005095130976597949,
            -0.01278015736042899,
            -0.0005095130976597949,
            -0.01278015736042899
          ],
          [
            -0.012774829118884834,
            -0.0005095130976597949,
            0.027225170881115167,
            -0.0005095130976597949,
            -0.012774829118884834,
            -0.0005095130976597949
          ],
          [
            -0.0005095130976597949,
            -0.01278015736042899,
            -0.0005095130976597949,
            0.02721984263957101,
            -0.000509513097659795,
            -0.012780157360428993
          ],
          [
            -0.012774829118884834,
            -0.0005095130976597949,
            -0.012774829118884834,
            -0.000509513097659795,
            0.027225170881115167,
            -0.0005095130976597949
          ],
          [
            -0.0005095130976597949,
            -0.01278015736042899,
            -0.0005095130976597949,
            -0.012780157360428993,
            -0.0005095130976597949,
            0.027219842639571012
          ]
        ]
      }
    },
    "nc_sen": {
      "electorate": {
        "republican": 0.3333333333333333,
        "democratic": 0.3333333333333333,
        "independent": 0.3333333333333333
      },
      "state": {
        "mean": [
          0.7221473989611205,
          0.1028920194679212,
          0.0985087026304966,
          0.825852038634575,
          0.23313637684808736,
          0.49857061648099477
        ],
        "covariance": [
          [
            0.0006844267182536969,
            -0.0002520662114062423,
            0.0,
            0.0,
            0.0,
            0.0
          ],
          [
            -0.0002520662114062423,
            0.0003177188549290387,
            0.0,
            0.0,
            0.0,
            0.0
          ],
          [
            0.0,
            0.0,
            0.0002904914473705384,
            -0.00026450080417829587,
            0.0,
            0.0
          ],
          [
            0.0,
            0.0,
            -0.00026450080417829587,
            0.0004689413232561619,
            0.0,
            0.0
          ],
          [
            0.0,
            0.0,
            0.0,
            0.0,
            0.0006279254791700024,
            -0.0004023371653622919
          ],
          [
            0.0,
            0.0,
            0.0,
            0.0,
            -0.0004023371653622919,
            0.0008847659746566276
          ]
        ]
      }
    },
    "fl_gov": {
      "electorate": {
        "republican": 0.3333333333333333,
        "democratic": 0.3333333333333333,
        "independent": 0.3333333333333333
      },
      "state": {
        "mean": [
          0.86,
          0.1,
          0.08,
          0.88,
          0.46,
          0.46
        ],
        "covariance": [
          [
            0.04,
            0.0,
            0.0,
            0.0,
            0.0,
            0.0
          ],
          [
            0.0,
            0.04,
            0.0,
            0.0,
            0.0,
            0.0
          ],
          [
            0.0,
            0.0,
            0.04,
            0.0,
            0.0,
            0.0
          ],
          [
            0.0,
            0.0,
            0.0,
            0.04,
            0.0,
            0.0
          ],
          [
            0.0,
            0.0,
            0.0,
            0.0,
            0.04,
            0.0
          ],
          [
            0.0,
            0.0,
            0.0,
            0.0,
            0.0,
            0.04
          ]
        ]
      }
    },
    "ga_gov": {
      "electorate": {
        "republican": 0.3333333333333333,
        "democratic": 0.3333333333333333,
        "independent": 0.3333333333333333
      },
      "state": {
        "mean": [
          0.8252250331930376,
          0.1082690090536721,
          0.045225033193037625,
          0.8882690090536721,
          0.4252250331930376,
          0.46826900905367214
        ],
        "covariance": [
          [
            0.027225239179066055,
            -0.0004741672674746088,
            -0.012774760820933945,
            -0.0004741672674746088,
            -0.012774760820933945,
            -0.0004741672674746088
          ],
          [
            -0.0004741672674746088,
            0.02723604128103035,
            -0.0004741672674746088,
            -0.012763958718969645,
            -0.0004741672674746088,
            -0.012763958718969645
          ],
          [
            -0.012774760820933945,
            -0.0004741672674746088,
            0.027225239179066055,
            -0.00047416726747460887,
            -0.012774760820933945,
            -0.0004741672674746088
          ],
          [
            -0.0004741672674746088,
            -0.012763958718969645,
            -0.00047416726747460887,
            0.02723604128103035,
            -0.00047416726747460887,
            -0.012763958718969645
          ],
          [
            -0.012774760820933945,
            -0.0004741672674746088,
            -0.012774760820933945,
            -0.00047416726747460887,
            0.027225239179066055,
            -0.00047416726747460887
          ],
          [
            -0.0004741672674746088,
            -0.012763958718969645,
            -0.0004741672674746088,
            -0.012763958718969645,
            -0.00047416726747460887,
            0.02723604128103035
          ]
        ]
      }
    },
    "tx_gov": {
      "electorate": {
        "republican": 0.3333333333333333,
        "democratic": 0.3333333333333333,
        "independent": 0.3333333333333333
      },
      "state": {
        "mean": [
          0.8723619880236915,
          0.05107150455995421,
          0.0923619880236915,
          0.8310715045599542,
          0.4723619880236915,
          0.4110715045599542
        ],
        "covariance": [
          [
            0.02690450531597036,
            -0.00019560177609017796,
            -0.013095494684029641,
            -0.00019560177609017796,
            -0.013095494684029641,
            -0.00019560177609017796
          ],
          [
            -0.00019560177609017796,
            0.02690024074236374,
            -0.00019560177609017796,
            -0.01309975925763626,
            -0.00019560177609017796,
            -0.013099759257636259
          ],
          [
            -0.013095494684029641,
            -0.00019560177609017796,
            0.02690450531597036,
            -0.00019560177609017796,
            -0.013095494684029641,
            -0.00019560177609017796
          ],
          [
            -0.00019560177609017796,
            -0.01309975925763626,
            -0.00019560177609017796,
            0.02690024074236374,
            -0.00019560177609017796,
            -0.013099759257636259
          ],
          [
            -0.013095494684029641,
            -0.00019560177609017796,
            -0.013095494684029641,
            -0.00019560177609017796,
            0.026904505315970356,
            -0.00019560177609017796
          ],
          [
            -0.00019560177609017796,
            -0.013099759257636259,
            -0.00019560177609017796,
            -0.013099759257636259,
            -0.00019560177609017796,
            0.02690024074236374
          ]
        ]
      }
    },
    "nh_gov": {
      "electorate": {
        "republican": 0.3333333333333333,
        "democratic": 0.3333333333333333,
        "independent": 0.3333333333333333
      },
      "state": {
        "mean": [
          0.86,
          0.1,
          0.08,
          0.88,
          0.46,
          0.46
        ],
        "covariance": [
          [
            0.04,
            0.0,
            0.0,
            0.0,
            0.0,
            0.0
          ],
          [
            0.0,
            0.04,
            0.0,
            0.0,
            0.0,
            0.0
          ],
          [
            0.0,
            0.0,
            0.04,
            0.0,
            0.0,
            0.0
          ],
          [
            0.0,
            0.0,
            0.0,
            0.04,
            0.0,
            0.0
          ],
          [
            0.0,
            0.0,
            0.0,
            0.0,
            0.04,
            0.0
          ],
          [
            0.0,
            0.0,
            0.0,
            0.0,
            0.0,
            0.04
          ]
        ]
      }
    },
    "ia_gov": {
      "electorate": {
        "republican": 0.3333333333333333,
        "democratic": 0.3333333333333333,
        "independent": 0.3333333333333333
      },
      "state": {
        "mean": [
          0.8244010179880277,
          0.0991093350117253,
          0.044401017988027695,
          0.8791093350117253,
          0.4244010179880277,
          0.4591093350117253
        ],
        "covariance": [
          [
            0.027054915632010054,
            -0.00032387817755444206,
            -0.012945084367989947,
            -0.0003238781775544421,
            -0.012945084367989947,
            -0.00032387817755444206
          ],
          [
            -0.00032387817755444206,
            0.027061976929485795,
            -0.0003238781775544421,
            -0.012938023070514193,
            -0.0003238781775544421,
            -0.012938023070514192
          ],
          [
            -0.012945084367989947,
            -0.0003238781775544421,
            0.027054915632010054,
            -0.0003238781775544421,
            -0.012945084367989947,
            -0.00032387817755444206
          ],
          [
            -0.0003238781775544421,
            -0.012938023070514193,
            -0.0003238781775544421,
            0.0270619769294858,
            -0.00032387817755444206,
            -0.012938023070514193
          ],
          [
            -0.012945084367989947,
            -0.0003238781775544421,
            -0.012945084367989947,
            -0.00032387817755444206,
            0.027054915632010058,
            -0.00032387817755444206
          ],
          [
            -0.00032387817755444206,
            -0.012938023070514192,
            -0.00032387817755444206,
            -0.012938023070514193,
            -0.00032387817755444206,
            0.0270619769294858
          ]
        ]
      }
    },
    "pa_gov": {
      "electorate": {
        "republican": 0.3333333333333333,
        "democratic": 0.3333333333333333,
        "independent": 0.3333333333333333
      },
      "state": {
        "mean": [
          0.757982195107731,
          0.1952321566756054,
          0.0,
          0.9752321566756054,
          0.3579821951077311,
          0.5552321566756054
        ],
        "covariance": [
          [
            0.026981683419474434,
            -0.00028383036692473625,
            -0.013018316580525564,
            -0.00028383036692473625,
            -0.01301831658052556,
            -0.00028383036692473625
          ],
          [
            -0.00028383036692473625,
            0.026999626718532895,
            -0.00028383036692473625,
            -0.0130003732814671,
            -0.00028383036692473625,
            -0.0130003732814671
          ],
          [
            -0.013018316580525564,
            -0.00028383036692473625,
            0.026981683419474434,
            -0.00028383036692473625,
            -0.01301831658052556,
            -0.00028383036692473625
          ],
          [
            -0.00028383036692473625,
            -0.0130003732814671,
            -0.00028383036692473625,
            0.0269996267185329,
            -0.00028383036692473625,
            -0.0130003732814671
          ],
          [
            -0.01301831658052556,
            -0.00028383036692473625,
            -0.01301831658052556,
            -0.00028383036692473625,
            0.026981683419474437,
            -0.00028383036692473625
          ],
          [
            -0.00028383036692473625,
            -0.0130003732814671,
            -0.00028383036692473625,
            -0.0130003732814671,
            -0.00028383036692473625,
            0.0269996267185329
          ]
        ]
      }
    },
    "az_gov": {
      "electorate": {
        "republican": 0.3333333333333333,
        "democratic": 0.3333333333333333,
        "independent": 0.3333333333333333
      },
      "state": {
        "mean": [
          0.86,
          0.1,
          0.08,
          0.88,
          0.46,
          0.46
        ],
        "covariance": [
          [
            0.04,
            0.0,
            0.0,
            0.0,
            0.0,
            0.0
          ],
          [
            0.0,
            0.04,
            0.0,
            0.0,
            0.0,
            0.0
          ],
          [
            0.0,
            0.0,
            0.04,
            0.0,
            0.0,
            0.0
          ],
          [
            0.0,
            0.0,
            0.0,
            0.04,
            0.0,
            0.0
          ],
          [
            0.0,
            0.0,
            0.0,
            0.0,
            0.04,
            0.0
          ],
          [
            0.0,
            0.0,
            0.0,
            0.0,
            0.0,
            0.04
          ]
        ]
      }
    },
    "oh_gov": {
      "electorate": {
        "republican": 0.3333333333333333,
        "democratic": 0.3333333333333333,
        "independent": 0.3333333333333333
      },
      "state": {
        "mean": [
          0.8809158080828701,
          0.06249700708422179,
          0.10091580808287011,
          0.8424970070842218,
          0.4809158080828701,
          0.4224970070842218
        ],
        "covariance": [
          [
            0.027227556863204765,
            -0.0004786558021738644,
            -0.012772443136795236,
            -0.00047865580217386437,
            -0.012772443136795238,
            -0.00047865580217386437
          ],
          [
            -0.0004786558021738644,
            0.027219786476805834,
            -0.0004786558021738644,
            -0.012780213523194165,
            -0.00047865580217386437,
            -0.012780213523194164
          ],
          [
            -0.012772443136795236,
            -0.0004786558021738644,
            0.027227556863204765,
            -0.00047865580217386437,
            -0.012772443136795238,
            -0.00047865580217386437
          ],
          [
            -0.00047865580217386437,
            -0.012780213523194165,
            -0.00047865580217386437,
            0.027219786476805837,
            -0.00047865580217386437,
            -0.012780213523194165
          ],
          [
            -0.012772443136795238,
            -0.00047865580217386437,
            -0.012772443136795238,
            -0.00047865580217386437,
            0.027227556863204765,
            -0.00047865580217386437
          ],
          [
            -0.00047865580217386437,
            -0.012780213523194164,
            -0.00047865580217386437,
            -0.012780213523194165,
            -0.00047865580217386437,
            0.02721978647680584
          ]
        ]
      }
    },
    "mi_gov": {
      "electorate": {
        "republican": 0.3333333333333333,
        "democratic": 0.3333333333333333,
        "independent": 0.3333333333333333
      },
      "state": {
        "mean": [
          0.86,
          0.1,
          0.08,
          0.88,
          0.46,
          0.46
        ],
        "covariance": [
          [
            0.04,
            0.0,
            0.0,
            0.0,
            0.0,
            0.0
          ],
          [
            0.0,
            0.04,
            0.0,
            0.0,
            0.0,
            0.0
          ],
          [
            0.0,
            0.0,
            0.04,
            0.0,
            0.0,
            0.0
          ],
          [
            0.0,
            0.0,
            0.0,
            0.04,
            0.0,
            0.0
          ],
          [
            0.0,
            0.0,
            0.0,
            0.0,
            0.04,
            0.0
          ],
          [
            0.0,
            0.0,
            0.0,
            0.0,
            0.0,
            0.04
          ]
        ]
      }
    },
    "wi_gov": {
      "electorate": {
        "republican": 0.3333333333333333,
        "democratic": 0.3333333333333333,
        "independent": 0.3333333333333333
      },
      "state": {
        "mean": [
          0.86,
          0.1,
          0.08,
          0.88,
          0.46,
          0.46
        ],
        "covariance": [
          [
            0.04,
            0.0,
            0.0,
            0.0,
            0.0,
            0.0
          ],
          [
            0.0,
            0.04,
            0.0,
            0.0,
            0.0,
            0.0
          ],
          [
            0.0,
            0.0,
            0.04,
            0.0,
            0.0,
            0.0
          ],
          [
            0.0,
            0.0,
            0.0,
            0.04,
            0.0,
            0.0
          ],
          [
            0.0,
            0.0,
            0.0,
            0.0,
            0.04,
            0.0
          ],
          [
            0.0,
            0.0,
            0.0,
            0.0,
            0.0,
            0.04
          ]
        ]
      }
    }
  }
}
