{
  "races": {
    "fl_sen": {
      "electorate": {
        "republican": 0.42,
        "democratic": 0.28,
        "independent": 0.3
      },
      "state": {
        "mean": [
          0.86,
          0.1,
          0.08,
          0.88,
          0.46,
          0.46
        ],
        "covariance": [
          [
            0.04,
            0.0,
            0.0,
            0.0,
            0.0,
            0.0
          ],
          [
            0.0,
            0.04,
            0.0,
            0.0,
            0.0,
            0.0
          ],
          [
            0.0,
            0.0,
            0.04,
            0.0,
            0.0,
            0.0
          ],
          [
            0.0,
            0.0,
            0.0,
            0.04,
            0.0,
            0.0
          ],
          [
            0.0,
            0.0,
            0.0,
            0.0,
            0.04,
            0.0
          ],
          [
            0.0,
            0.0,
            0.0,
            0.0,
            0.0,
            0.04
          ]
        ]
      }
    },
    "tx_sen": {
      "electorate": {
        "republican": 0.41,
        "democratic": 0.3,
        "independent": 0.29
      },
      "state": {
        "mean": [
          0.887873045841527,
          0.060011679810313065,
          0.02452915991434968,
          0.954174484413796,
          0.3233658083210356,
          0.5310702300219913
        ],
        "covariance": [
          [
            0.00013201092431055377,
            -8.04134162918708e-05,
            -2.811519657266939e-06,
            1.9299696723012933e-06,
            -3.168264733800011e-05,
            2.069264066834012e-05
          ],
          [
            -8.04134162918708e-05,
            8.531025103729515e-05,
            2.096113466473159e-06,
            -2.8073814570024487e-06,
            2.008206885202264e-05,
            -2.16421266718102e-05
          ],
          [
            -2.811519657266939e-06,
            2.096113466473159e-06,
            5.439837939721181e-05,
            -5.31668827438726e-05,
            -9.363915646751652e-06,
            9.573741528813094e-06
          ],
          [
            1.9299696723012933e-06,
            -2.8073814570024487e-06,
            -5.31668827438726e-05,
            8.570124801008404e-05,
            9.916290689222941e-06,
            -1.5514828959598695e-05
          ],
          [
            -3.168264733800011e-05,
            2.008206885202264e-05,
            -9.363915646751652e-06,
            9.916290689222941e-06,
            0.0005050005401104054,
            -0.00041366418095232794
          ],
          [
            2.069264066834012e-05,
            -2.16421266718102e-05,
            9.573741528813094e-06,
            -1.5514828959598695e-05,
            -0.00041366418095232794,
            0.0005409347068609712
          ]
        ]
      }
    },
    "ga_sen": {
      "electorate": {
        "republican": 0.41,
        "democratic": 0.36,
        "independent": 0.23
      },
      "state": {
        "mean": [
          0.8032174807101922,
          0.19894289396083992,
          0.030142178184558825,
          0.9668766873802488,
          0.4281463916179123,
          0.5155045502707144
        ],
        "covariance": [
          [
            0.021052396213441935,
            -0.00022541563634330056,
            -0.016636920397953434,
            -0.00019792592459411758,
            -0.010629143587581356,
            -0.00012645267404624177
          ],
          [
            -0.00022541563634330056,
            0.021053785883213227,
            -0.00019792592459411766,
            -0.016635700200105463,
            -0.0001264526740462417,
            -0.010628364016734046
          ],
          [
            -0.016636920397953434,
            -0.00019792592459411766,
            0.025391972333504313,
            -0.00017378861671678595,
            -0.009332906564705583,
            -0.00011103161623572448
          ],
          [
            -0.00019792592459411758,
            -0.016635700200105463,
            -0.00017378861671678595,
            0.025393043726736668,
            -0.00011103161623572429,
            -0.009332222063473795
          ],
          [
            -0.010629143587581356,
            -0.0001264526740462417,
            -0.009332906564705583,
            -0.00011103161623572429,
            0.03403730969477143,
            -7.09368659283794e-05
          ],
          [
            -0.00012645267404624177,
            -0.010628364016734046,
            -0.00011103161623572448,
            -0.009332222063473795,
            -7.09368659283794e-05,
            0.03403774701500285
          ]
        ]
      }
    },
    "me_sen": {
      "electorate": {
        "republican": 0.233,
        "democratic": 0.275,
        "independent": 0.492
      },
      "state": {
        "mean": [
          0.878878872780716,
          0.11850355306166585,
          0.10228193139357356,
          0.901838957476224,
          0.4998644008931836,
          0.49907188028472427
        ],
        "covariance": [
          [
            0.03416928056908281,
            -7.152701305680341e-06,
            -0.00688175040129712,
            -8.442029438034914e-06,
            -0.012312077081593382,
            -1.5103558121866351e-05
          ],
          [
            -7.152701305680341e-06,
            0.03416928056908282,
            -8.442029438035256e-06,
            -0.006881750401297121,
            -1.5103558121866713e-05,
            -0.012312077081593382
          ],
          [
            -0.00688175040129712,
            -8.442029438035256e-06,
            0.03187776240190256,
            -9.963768650042066e-06,
            -0.014531421448232544,
            -1.782608791207587e-05
          ],
          [
            -8.442029438034914e-06,
            -0.006881750401297121,
            -9.963768650042066e-06,
            0.03187776240190256,
            -1.7826087912074774e-05,
            -0.014531421448232539
          ],
          [
            -0.012312077081593382,
            -1.5103558121866713e-05,
            -0.014531421448232544,
            -1.7826087912074774e-05,
            0.014001965990798521,
            -3.189249182814699e-05
          ],
          [
            -1.5103558121866351e-05,
            -0.012312077081593382,
            -1.782608791207587e-05,
            -0.014531421448232539,
            -3.189249182814699e-05,
            0.014001965990798521
          ]
        ]
      }
    },
    "nh_sen": {
      "electorate": {
        "republican": 0.29,
        "democratic": 0.28,
        "independent": 0.43
      },
      "state": {
        "mean": [
          0.86,
          0.1,
          0.08,
          0.88,
          0.46,
          0.46
        ],
        "covariance": [
          [
            0.04,
            0.0,
            0.0,
            0.0,
            0.0,
            0.0
          ],
          [
            0.0,
            0.04,
            0.0,
            0.0,
            0.0,
            0.0
          ],
          [
            0.0,
            0.0,
            0.04,
            0.0,
            0.0,
            0.0
          ],
          [
            0.0,
            0.0,
            0.0,
            0.04,
            0.0,
            0.0
          ],
          [
            0.0,
            0.0,
            0.0,
            0.0,
            0.04,
            0.0
          ],
          [
            0.0,
            0.0,
            0.0,
            0.0,
            0.0,
            0.04
          ]
        ]
      }
    },
    "ia_sen": {
      "electorate": {
        "republican": 0.3564356435643564,
        "democratic": 0.25742574257425743,
        "independent": 0.38613861386138615
      },
      "state": {
        "mean": [
          0.9378901292341135,
          0.03701960581086164,
          0.008375646682817532,
          0.9812203849436517,
          0.3699387515323351,
          0.5186138079572342
        ],
        "covariance": [
          [
            0.0002180618993872053,
            -0.00013536484021117354,
            -3.7093366966848807e-06,
            4.2176629452228925e-07,
            -0.00011458693621772385,
            6.320100178459833e-05
          ],
          [
            -0.00013536484021117354,
            0.00014142395980418516,
            2.7924719316247036e-06,
            -4.402920548275653e-06,
            6.774028612759771e-05,
            -7.109663619229565e-05
          ],
          [
            -3.7093366966848807e-06,
            2.7924719316247036e-06,
            5.866514344294197e-05,
            -5.7595108319329777e-05,
            -1.9713873487090193e-05,
            1.986578867936826e-05
          ],
          [
            4.2176629452228925e-07,
            -4.402920548275653e-06,
            -5.7595108319329777e-05,
            0.00011362695337256347,
            1.8865915696350475e-05,
            -4.2420515881452456e-05
          ],
          [
            -0.00011458693621772385,
            6.774028612759771e-05,
            -1.9713873487090193e-05,
            1.8865915696350475e-05,
            0.0005337669944924604,
            -0.00044345668786565165
          ],
          [
            6.320100178459833e-05,
            -7.109663619229565e-05,
            1.986578867936826e-05,
            -4.2420515881452456e-05,
            -0.00044345668786565165,
            0.0005237557488949644
          ]
        ]
      }
    },
    "ak_sen": {
      "electorate": {
        "republican": 0.35,
        "democratic": 0.19,
        "independent": 0.46
      },
      "state": {
        "mean": [
          0.9289451079341575,
          0.06095714463062636,
          0.0511077616007249,
          0.9286253059443467,
          0.3829468344519249,
          0.5369678707750871
        ],
        "covariance": [
          [
            0.0004047963837049975,
            -0.00034649839435877,
            0.0,
            0.0,
            0.0,
            0.0
          ],
          [
            -0.00034649839435877,
            0.00035077244049852276,
            0.0,
            0.0,
            0.0,
            0.0
          ],
          [
            0.0,
            0.0,
            0.0005633383647875601,
            -0.0005482062617073865,
            0.0,
            0.0
          ],
          [
            0.0,
            0.0,
            -0.0005482062617073865,
            0.0007708314874983126,
            0.0,
            0.0
          ],
          [
            0.0,
            0.0,
            0.0,
            0.0,
            0.0007897263112301313,
            -0.0006836909147322982
          ],
          [
            0.0,
            0.0,
            0.0,
            0.0,
            -0.0006836909147322982,
            0.0008323736977241538
          ]
        ]
      }
    },
    "mi_sen": {
      "electorate": {
        "republican": 0.34,
        "democratic": 0.35,
        "independent": 0.31
      },
      "state": {
        "mean": [
          0.86,
          0.1,
          0.08,
          0.88,
          0.46,
          0.46
        ],
        "covariance": [
          [
            0.04,
            0.0,
            0.0,
            0.0,
            0.0,
            0.0
          ],
          [
            0.0,
            0.04,
            0.0,
            0.0,
            0.0,
            0.0
          ],
          [
            0.0,
            0.0,
            0.04,
            0.0,
            0.0,
            0.0
          ],
          [
            0.0,
            0.0,
            0.0,
            0.04,
            0.0,
            0.0
          ],
          [
            0.0,
            0.0,
            0.0,
            0.0,
            0.04,
            0.0
          ],
          [
            0.0,
            0.0,
            0.0,
            0.0,
            0.0,
            0.04
          ]
        ]
      }
    },
    "oh_sen": {
      "electorate": {
        "republican": 0.41,
        "democratic": 0.3,
        "independent": 0.29
      },
      "state": {
        "mean": [
          0.9452767489101727,
          0.054723251089823594,
          0.0186311345596855,
          0.9497818305323508,
          0.33282216876053433,
          0.5662188138048856
        ],
        "covariance": [
          [
            0.00018286299507273542,
            -0.00018286299507273525,
            -7.121069757065975e-06,
            9.89386507243938e-06,
            -9.06238266439401e-05,
            9.103963944697178e-05
          ],
          [
            -0.00018286299507273525,
            0.00018286299507273525,
            7.121069757065973e-06,
            -9.893865072439394e-06,
            9.062382664394006e-05,
            -9.103963944697178e-05
          ],
          [
            -7.121069757065975e-06,
            7.121069757065973e-06,
            9.796754967597476e-05,
            -9.492411204245978e-05,
            -3.2924079338929034e-05,
            3.2210289986287273e-05
          ],
          [
            9.89386507243938e-06,
            -9.893865072439394e-06,
            -9.492411204245978e-05,
            0.0001811767497278713,
            3.0831879679416594e-05,
            -6.80114076550332e-05
          ],
          [
            -9.06238266439401e-05,
            9.062382664394006e-05,
            -3.2924079338929034e-05,
            3.0831879679416594e-05,
            0.0009333806733511327,
            -0.0008430451916285873
          ],
          [
            9.103963944697178e-05,
            -9.103963944697178e-05,
            3.2210289986287273e-05,
            -6.80114076550332e-05,
            -0.0008430451916285873,
            0.0009790658441601778
          ]
        ]
      }
    },
    "nc_sen": {
      "electorate": {
        "republican": 0.37,
        "democratic": 0.32,
        "independent": 0.31
      },
      "state": {
        "mean": [
          0.8364373248275853,
          0.06852397802910726,
          0.04187771726455947,
          0.9192507869415802,
          0.3062466213602277,
          0.5493503596206967
        ],
        "covariance": [
          [
            0.0002693779736362884,
            -0.00011253023740249158,
            0.0,
            0.0,
            0.0,
            0.0
          ],
          [
            -0.00011253023740249158,
            0.00012586228089919065,
            0.0,
            0.0,
            0.0,
            0.0
          ],
          [
            0.0,
            0.0,
            7.724069837822961e-05,
            -7.397920492317725e-05,
            0.0,
            0.0
          ],
          [
            0.0,
            0.0,
            -7.397920492317725e-05,
            0.00014291357347269868,
            0.0,
            0.0
          ],
          [
            0.0,
            0.0,
            0.0,
            0.0,
            0.00039803135171583763,
            -0.00031374621663253954
          ],
          [
            0.0,
            0.0,
            0.0,
            0.0,
            -0.00031374621663253954,
            0.00046493831489319325
          ]
        ]
      }
    },
    "fl_gov": {
      "electorate": {
        "republican": 0.42,
        "democratic": 0.28,
        "independent": 0.3
      },
      "state": {
        "mean": [
          0.86,
          0.1,
          0.08,
          0.88,
          0.46,
          0.46
        ],
        "covariance": [
          [
            0.04,
            0.0,
            0.0,
            0.0,
            0.0,
            0.0
          ],
          [
            0.0,
            0.04,
            0.0,
            0.0,
            0.0,
            0.0
          ],
          [
            0.0,
            0.0,
            0.04,
            0.0,
            0.0,
            0.0
          ],
          [
            0.0,
            0.0,
            0.0,
            0.04,
            0.0,
            0.0
          ],
          [
            0.0,
            0.0,
            0.0,
            0.0,
            0.04,
            0.0
          ],
          [
            0.0,
            0.0,
            0.0,
            0.0,
            0.0,
            0.04
          ]
        ]
      }
    },
    "ga_gov": {
      "electorate": {
        "republican": 0.41,
        "democratic": 0.36,
        "independent": 0.23
      },
      "state": {
        "mean": [
          0.8363666614863535,
          0.16521767577015423,
          0.05924877593923765,
          0.9372643006762322,
          0.4467422735167351,
          0.49658552543203704
        ],
        "covariance": [
          [
            0.021053058495141008,
            -0.0002255495346271223,
            -0.016636338882315214,
            -0.00019804349381893633,
            -0.01062877206370139,
            -0.00012652778771765383
          ],
          [
            -0.0002255495346271223,
            0.021053745916352062,
            -0.00019804349381893687,
            -0.01663573529295917,
            -0.00012652778771765413,
            -0.010628386437168357
          ],
          [
            -0.016636338882315214,
            -0.00019804349381893687,
            0.02539248293260127,
            -0.0001738918482312613,
            -0.009332580348615855,
            -0.00011109756970330566
          ],
          [
            -0.00019804349381893633,
            -0.01663573529295917,
            -0.0001738918482312613,
            0.02539301291349927,
            -0.0001110975697033055,
            -0.0093322417497088
          ],
          [
            -0.01062877206370139,
            -0.00012652778771765413,
            -0.009332580348615855,
            -0.0001110975697033055,
            0.034037518110606534,
            -7.097900286600101e-05
          ],
          [
            -0.00012652778771765383,
            -0.010628386437168357,
            -0.00011109756970330566,
            -0.0093322417497088,
            -7.097900286600101e-05,
            0.03403773443768603
          ]
        ]
      }
    },
    "tx_gov": {
      "electorate": {
        "republican": 0.41,
        "democratic": 0.3,
        "independent": 0.29
      },
      "state": {
        "mean": [
          0.9136908113483967,
          0.06001602022917383,
          0.06054471232768451,
          0.8951145469937387,
          0.44120049904910974,
          0.4442842541729303
        ],
        "covariance": [
          [
            0.00017068497956081012,
            -0.00012774966168170896,
            -1.7841432043729366e-05,
            1.336485480453422e-05,
            -9.03685216796782e-05,
            6.508408800502932e-05
          ],
          [
            -0.00012774966168170896,
            0.00013231016880104466,
            1.4808838294046983e-05,
            -1.875130245611411e-05,
            6.567416346407262e-05,
            -6.649097411737476e-05
          ],
          [
            -1.7841432043729366e-05,
            1.4808838294046983e-05,
            0.00022610460680706334,
            -0.0002131710030701345,
            -8.328364512028369e-05,
            7.893522441784987e-05
          ],
          [
            1.336485480453422e-05,
            -1.875130245611411e-05,
            -0.0002131710030701345,
            0.00030905083661811783,
            7.738322324031428e-05,
            -0.00011786161822274198
          ],
          [
            -9.03685216796782e-05,
            6.567416346407262e-05,
            -8.328364512028369e-05,
            7.738322324031428e-05,
            0.0008121026196281126,
            -0.0006804546147320882
          ],
          [
            6.508408800502932e-05,
            -6.649097411737476e-05,
            7.893522441784987e-05,
            -0.00011786161822274198,
            -0.0006804546147320882,
            0.0007943859699128887
          ]
        ]
      }
    },
    "nh_gov": {
      "electorate": {
        "republican": 0.29,
        "democratic": 0.28,
        "independent": 0.43
      },
      "state": {
        "mean": [
          0.86,
          0.1,
          0.08,
          0.88,
          0.46,
          0.46
        ],
        "covariance": [
          [
            0.04,
            0.0,
            0.0,
            0.0,
            0.0,
            0.0
          ],
          [
            0.0,
            0.04,
            0.0,
            0.0,
            0.0,
            0.0
          ],
          [
            0.0,
            0.0,
            0.04,
            0.0,
            0.0,
            0.0
          ],
          [
            0.0,
            0.0,
            0.0,
            0.04,
            0.0,
            0.0
          ],
          [
            0.0,
            0.0,
            0.0,
            0.0,
            0.04,
            0.0
          ],
          [
            0.0,
            0.0,
            0.0,
            0.0,
            0.0,
            0.04
          ]
        ]
      }
    },
    "ia_gov": {
      "electorate": {
        "republican": 0.3564356435643564,
        "democratic": 0.25742574257425743,
        "independent": 0.38613861386138615
      },
      "state": {
        "mean": [
          0.8037301519559257,
          0.16952961384995754,
          0.03936066530150207,
          0.9302158322249695,
          0.3990409979522532,
          0.5353237483374541
        ],
        "covariance": [
          [
            0.025278791811226567,
            -0.00011045529479891989,
            -0.010631983691891916,
            -7.977326846588671e-05,
            -0.01594797553783788,
            -0.00011965990269882999
          ],
          [
            -0.00011045529479891989,
            0.02527998611777152,
            -7.97732684658865e-05,
            -0.010631121137165028,
            -0.00011965990269883009,
            -0.015946681705747534
          ],
          [
            -0.010631983691891916,
            -7.97732684658865e-05,
            0.03232134511141138,
            -5.761402722536268e-05,
            -0.011517982332882919,
            -8.642104083804401e-05
          ],
          [
            -7.977326846588671e-05,
            -0.010631121137165028,
            -5.761402722536268e-05,
            0.03232196806760304,
            -8.642104083804401e-05,
            -0.011517047898595444
          ],
          [
            -0.01594797553783788,
            -0.00011965990269883009,
            -0.011517982332882919,
            -8.642104083804401e-05,
            0.022723026500675626,
            -0.00012963156125706595
          ],
          [
            -0.00011965990269882999,
            -0.015946681705747534,
            -8.642104083804401e-05,
            -0.011517047898595444,
            -0.00012963156125706595,
            0.022724428152106835
          ]
        ]
      }
    },
    "pa_gov": {
      "electorate": {
        "republican": 0.4,
        "democratic": 0.37,
        "independent": 0.23
      },
      "state": {
        "mean": [
          0.6878578120225968,
          0.22108797924698279,
          0.0,
          0.9920063808034586,
          0.36101824191299325,
          0.5296255880670148
        ],
        "covariance": [
          [
            0.021909206171260468,
            -0.00017706580036162258,
            -0.016733984291584073,
            -0.00016378586533450067,
            -0.010402206451525235,
            -0.00010181283520793276
          ],
          [
            -0.00017706580036162258,
            0.021929435049965612,
            -0.00016378586533450114,
            -0.01671527257878181,
            -0.00010181283520793292,
            -0.010390574846269773
          ],
          [
            -0.016733984291584073,
            -0.00016378586533450114,
            0.024521064530284735,
            -0.00015150192543441347,
            -0.009622040967660839,
            -9.417687256733817e-05
          ],
          [
            -0.00016378586533450067,
            -0.01671527257878181,
            -0.00015150192543441347,
            0.024538372864626828,
            -9.417687256733795e-05,
            -0.009611281732799539
          ],
          [
            -0.010402206451525235,
            -0.00010181283520793292,
            -0.009622040967660839,
            -9.417687256733795e-05,
            0.03401873129037299,
            -5.854238024456139e-05
          ],
          [
            -0.00010181283520793276,
            -0.010390574846269773,
            -9.417687256733817e-05,
            -0.009611281732799539,
            -5.854238024456139e-05,
            0.034025419463394886
          ]
        ]
      }
    },
    "az_gov": {
      "electorate": {
        "republican": 0.34,
        "democratic": 0.27,
        "independent": 0.39
      },
      "state": {
        "mean": [
          0.86,
          0.1,
          0.08,
          0.88,
          0.46,
          0.46
        ],
        "covariance": [
          [
            0.04,
            0.0,
            0.0,
            0.0,
            0.0,
            0.0
          ],
          [
            0.0,
            0.04,
            0.0,
            0.0,
            0.0,
            0.0
          ],
          [
            0.0,
            0.0,
            0.04,
            0.0,
            0.0,
            0.0
          ],
          [
            0.0,
            0.0,
            0.0,
            0.04,
            0.0,
            0.0
          ],
          [
            0.0,
            0.0,
            0.0,
            0.0,
            0.04,
            0.0
          ],
          [
            0.0,
            0.0,
            0.0,
            0.0,
            0.0,
            0.04
          ]
        ]
      }
    },
    "oh_gov": {
      "electorate": {
        "republican": 0.41,
        "democratic": 0.3,
        "independent": 0.29
      },
      "state": {
        "mean": [
          0.8033486784870133,
          0.1303917460396837,
          0.03854781352708302,
          0.9022378629558657,
          0.4199295530761801,
          0.48149660085733725
        ],
        "covariance": [
          [
            0.020545097141840954,
            -0.00016741462715197863,
            -0.014235294774262722,
            -0.00012249850767217932,
            -0.013760784948453966,
            -0.00011841522408310679
          ],
          [
            -0.00016741462715197863,
            0.02054523556001229,
            -0.0001224985076721793,
            -0.014235193492673937,
            -0.00011841522408310676,
            -0.01376068704291814
          ],
          [
            -0.014235294774262722,
            -0.0001224985076721793,
            0.029583930652978502,
            -8.963305439427762e-05,
            -0.010068867035454118,
            -8.664528591446838e-05
          ],
          [
            -0.00012249850767217932,
            -0.014235193492673937,
            -8.963305439427762e-05,
            0.02958400476145808,
            -8.664528591446831e-05,
            -0.010068795397257175
          ],
          [
            -0.013760784948453966,
            -0.00011841522408310676,
            -0.010068867035454118,
            -8.664528591446831e-05,
            0.030266761865727687,
            -8.375710971731954e-05
          ],
          [
            -0.00011841522408310679,
            -0.01376068704291814,
            -8.664528591446838e-05,
            -0.010068795397257175,
            -8.375710971731954e-05,
            0.03026683111598473
          ]
        ]
      }
    },
    "mi_gov": {
      "electorate": {
        "republican": 0.34,
        "democratic": 0.35,
        "independent": 0.31
      },
      "state": {
        "mean": [
          0.86,
          0.1,
          0.08,
          0.88,
          0.46,
          0.46
        ],
        "covariance": [
          [
            0.04,
            0.0,
            0.0,
            0.0,
            0.0,
            0.0
          ],
          [
            0.0,
            0.04,
            0.0,
            0.0,
            0.0,
            0.0
          ],
          [
            0.0,
            0.0,
            0.04,
            0.0,
            0.0,
            0.0
          ],
          [
            0.0,
            0.0,
            0.0,
            0.04,
            0.0,
            0.0
          ],
          [
            0.0,
            0.0,
            0.0,
            0.0,
            0.04,
            0.0
          ],
          [
            0.0,
            0.0,
            0.0,
            0.0,
            0.0,
            0.04
          ]
        ]
      }
    },
    "wi_gov": {
      "electorate": {
        "republican": 0.37,
        "democratic": 0.33,
        "independent": 0.3
      },
      "state": {
        "mean": [
          0.86,
          0.1,
          0.08,
          0.88,
          0.46,
          0.46
        ],
        "covariance": [
          [
            0.04,
            0.0,
            0.0,
            0.0,
            0.0,
            0.0
          ],
          [
            0.0,
            0.04,
            0.0,
            0.0,
            0.0,
            0.0
          ],
          [
            0.0,
            0.0,
            0.04,
            0.0,
            0.0,
            0.0
          ],
          [
            0.0,
            0.0,
            0.0,
            0.04,
            0.0,
            0.0
          ],
          [
            0.0,
            0.0,
            0.0,
            0.0,
            0.04,
            0.0
          ],
          [
            0.0,
            0.0,
            0.0,
            0.0,
            0.0,
            0.04
          ]
        ]
      }
    },
    "us_house_generic": {
      "electorate": {
        "republican": 0.35,
        "democratic": 0.35,
        "independent": 0.3
      },
      "state": {
        "mean": [
          0.8680776219376178,
          0.14625073627184665,
          0.08797725837210874,
          0.9262507362713618,
          0.4668806629899989,
          0.4996865011895688
        ],
        "covariance": [
          [
            0.02537704671723327,
            -3.912388875077273e-06,
            -0.014622956126777095,
            -3.912388875077011e-06,
            -0.01253396117551877,
            -3.3522573170503486e-06
          ],
          [
            -3.912388875077273e-06,
            0.025377046717233263,
            -3.90954486469206e-06,
            -0.014622953282766717,
            -3.3522573170487774e-06,
            -0.012533961175518776
          ],
          [
            -0.014622956126777095,
            -3.90954486469206e-06,
            0.025377048126578327,
            -3.909544864688833e-06,
            -0.012533960571513767,
            -3.3528613220488177e-06
          ],
          [
            -3.912388875077011e-06,
            -0.014622953282766717,
            -3.909544864688833e-06,
            0.025377046717233297,
            -3.3522573170409512e-06,
            -0.012533961175518776
          ],
          [
            -0.01253396117551877,
            -3.3522573170487774e-06,
            -0.012533960571513767,
            -3.3522573170409512e-06,
            0.029256604965557473,
            -2.8736222738996774e-06
          ],
          [
            -3.3522573170503486e-06,
            -0.012533961175518776,
            -3.3528613220488177e-06,
            -0.012533961175518776,
            -2.8736222738996774e-06,
            0.029256604965557452
          ]
        ]
      }
    }
  }
}
