{
  "races": {
    "fl_sen": {
      "electorate": {
        "republican": 0.3333333333333333,
        "democratic": 0.3333333333333333,
        "independent": 0.3333333333333333
      },
      "state": {
        "mean": [
          0.86,
          0.1,
          0.08,
          0.88,
          0.46,
          0.46
        ],
        "covariance": [
          [
            0.04,
            0.0,
            0.0,
            0.0,
            0.0,
            0.0
          ],
          [
            0.0,
            0.04,
            0.0,
            0.0,
            0.0,
            0.0
          ],
          [
            0.0,
            0.0,
            0.04,
            0.0,
            0.0,
            0.0
          ],
          [
            0.0,
            0.0,
            0.0,
            0.04,
            0.0,
            0.0
          ],
          [
            0.0,
            0.0,
            0.0,
            0.0,
            0.04,
            0.0
          ],
          [
            0.0,
            0.0,
            0.0,
            0.0,
            0.0,
            0.04
          ]
        ]
      }
    },
    "tx_sen": {
      "electorate": {
        "republican": 0.3333333333333333,
        "democratic": 0.3333333333333333,
        "independent": 0.3333333333333333
      },
      "state": {
        "mean": [
          0.8983539825081348,
          0.054264929465015085,
          0.027465806424955688,
          0.9500007786224212,
          0.35070294179248807,
          0.49838977069586793
        ],
        "covariance": [
          [
            0.0001361850467333879,
            -8.249542952426761e-05,
            -2.4688681553342273e-06,
            1.6688963958626255e-06,
            -2.8849885376524572e-05,
            1.8675832228716083e-05
          ],
          [
            -8.249542952426761e-05,
            8.698975103062345e-05,
            1.8242755551418755e-06,
            -2.4248851009000073e-06,
            1.8129636549439287e-05,
            -1.9398410095749425e-05
          ],
          [
            -2.4688681553342273e-06,
            1.8242755551418755e-06,
            5.421569200527498e-05,
            -5.294790647455413e-05,
            -1.1566175049549196e-05,
            1.1734392851366373e-05
          ],
          [
            1.6688963958626255e-06,
            -2.4248851009000073e-06,
            -5.294790647455413e-05,
            8.52901208296279e-05,
            1.2113260311121766e-05,
            -1.894232466072499e-05
          ],
          [
            -2.8849885376524572e-05,
            1.8129636549439287e-05,
            -1.1566175049549196e-05,
            1.2113260311121766e-05,
            0.0004778332204046533,
            -0.00039075483394085766
          ],
          [
            1.8675832228716083e-05,
            -1.9398410095749425e-05,
            1.1734392851366373e-05,
            -1.894232466072499e-05,
            -0.00039075483394085766,
            0.0005115196176351268
          ]
        ]
      }
    },
    "ga_sen": {
      "electorate": {
        "republican": 0.3333333333333333,
        "democratic": 0.3333333333333333,
        "independent": 0.3333333333333333
      },
      "state": {
        "mean": [
          0.8355878016239335,
          0.12771427024863813,
          0.05558780162393359,
          0.9077142702486382,
          0.4355878016239336,
          0.4877142702486381
        ],
        "covariance": [
          [
            0.027225802828574272,
            -0.0005049759852377788,
            -0.012774197171425727,
            -0.0005049759852377788,
            -0.012774197171425727,
            -0.0005049759852377788
          ],
          [
            -0.0005049759852377788,
            0.027233679013727273,
            -0.0005049759852377787,
            -0.012766320986272735,
            -0.0005049759852377787,
            -0.012766320986272733
          ],
          [
            -0.012774197171425727,
            -0.0005049759852377787,
            0.027225802828574272,
            -0.0005049759852377787,
            -0.012774197171425727,
            -0.0005049759852377788
          ],
          [
            -0.0005049759852377788,
            -0.012766320986272735,
            -0.0005049759852377787,
            0.027233679013727273,
            -0.0005049759852377787,
            -0.012766320986272731
          ],
          [
            -0.012774197171425727,
            -0.0005049759852377787,
            -0.012774197171425727,
            -0.0005049759852377787,
            0.02722580282857427,
            -0.0005049759852377788
          ],
          [
            -0.0005049759852377788,
            -0.012766320986272733,
            -0.0005049759852377788,
            -0.012766320986272731,
            -0.0005049759852377788,
            0.02723367901372727
          ]
        ]
      }
    },
    "nh_sen": {
      "electorate": {
        "republican": 0.3333333333333333,
        "democratic": 0.3333333333333333,
        "independent": 0.3333333333333333
      },
      "state": {
        "mean": [
          0.86,
          0.1,
          0.08,
          0.88,
          0.46,
          0.46
        ],
        "covariance": [
          [
            0.04,
            0.0,
            0.0,
            0.0,
            0.0,
            0.0
          ],
          [
            0.0,
            0.04,
            0.0,
            0.0,
            0.0,
            0.0
          ],
          [
            0.0,
            0.0,
            0.04,
            0.0,
            0.0,
            0.0
          ],
          [
            0.0,
            0.0,
            0.0,
            0.04,
            0.0,
            0.0
          ],
          [
            0.0,
            0.0,
            0.0,
            0.0,
            0.04,
            0.0
          ],
          [
            0.0,
            0.0,
            0.0,
            0.0,
            0.0,
            0.04
          ]
        ]
      }
    },
    "ia_sen": {
      "electorate": {
        "republican": 0.3333333333333333,
        "democratic": 0.3333333333333333,
        "independent": 0.3333333333333333
      },
      "state": {
        "mean": [
          0.9448671798163313,
          0.029536082514260972,
          0.010556144479028778,
          0.9758381305681585,
          0.41651391891461126,
          0.46079684340718136
        ],
        "covariance": [
          [
            0.00023688588103121488,
            -0.00014343588175534983,
            -1.780254380197665e-06,
            3.099470878060177e-07,
            -3.63381254902731e-05,
            2.0634382613736036e-05
          ],
          [
            -0.00014343588175534983,
            0.0001478669271824688,
            1.326882723702582e-06,
            -2.059834530100978e-06,
            2.155606578371564e-05,
            -2.2397855219643288e-05
          ],
          [
            -1.780254380197665e-06,
            1.326882723702582e-06,
            5.893777156795504e-05,
            -5.8008409087491425e-05,
            -8.68356729613398e-06,
            8.67996344533114e-06
          ],
          [
            3.099470878060177e-07,
            -2.059834530100978e-06,
            -5.8008409087491425e-05,
            0.00011510168862727929,
            8.381236404982273e-06,
            -1.810653568474095e-05
          ],
          [
            -3.63381254902731e-05,
            2.155606578371564e-05,
            -8.68356729613398e-06,
            8.381236404982273e-06,
            0.0009108997392821813,
            -0.000748035442694527
          ],
          [
            2.0634382613736036e-05,
            -2.2397855219643288e-05,
            8.67996344533114e-06,
            -1.810653568474095e-05,
            -0.000748035442694527,
            0.0009291318622659108
          ]
        ]
      }
    },
    "ak_sen": {
      "electorate": {
        "republican": 0.3333333333333333,
        "democratic": 0.3333333333333333,
        "independent": 0.3333333333333333
      },
      "state": {
        "mean": [
          0.9289451079341575,
          0.06095714463062636,
          0.0511077616007249,
          0.9286253059443467,
          0.3829468344519249,
          0.5369678707750871
        ],
        "covariance": [
          [
            0.0004047963837049975,
            -0.00034649839435877,
            0.0,
            0.0,
            0.0,
            0.0
          ],
          [
            -0.00034649839435877,
            0.00035077244049852276,
            0.0,
            0.0,
            0.0,
            0.0
          ],
          [
            0.0,
            0.0,
            0.0005633383647875601,
            -0.0005482062617073865,
            0.0,
            0.0
          ],
          [
            0.0,
            0.0,
            -0.0005482062617073865,
            0.0007708314874983126,
            0.0,
            0.0
          ],
          [
            0.0,
            0.0,
            0.0,
            0.0,
            0.0007897263112301313,
            -0.0006836909147322982
          ],
          [
            0.0,
            0.0,
            0.0,
            0.0,
            -0.0006836909147322982,
            0.0008323736977241538
          ]
        ]
      }
    },
    "mi_sen": {
      "electorate": {
        "republican": 0.3333333333333333,
        "democratic": 0.3333333333333333,
        "independent": 0.3333333333333333
      },
      "state": {
        "mean": [
          0.86,
          0.1,
          0.08,
          0.88,
          0.46,
          0.46
        ],
        "covariance": [
          [
            0.04,
            0.0,
            0.0,
            0.0,
            0.0,
            0.0
          ],
          [
            0.0,
            0.04,
            0.0,
            0.0,
            0.0,
            0.0
          ],
          [
            0.0,
            0.0,
            0.04,
            0.0,
            0.0,
            0.0
          ],
          [
            0.0,
            0.0,
            0.0,
            0.04,
            0.0,
            0.0
          ],
          [
            0.0,
            0.0,
            0.0,
            0.0,
            0.04,
            0.0
          ],
          [
            0.0,
            0.0,
            0.0,
            0.0,
            0.0,
            0.04
          ]
        ]
      }
    },
    "oh_sen": {
      "electorate": {
        "republican": 0.3333333333333333,
        "democratic": 0.3333333333333333,
        "independent": 0.3333333333333333
      },
      "state": {
        "mean": [
          0.9555365299166775,
          0.04446347008332268,
          0.02334319277700829,
          0.9520476134852367,
          0.4030798107522867,
          0.5250793506236977
        ],
        "covariance": [
          [
            0.00019667175173768156,
            -0.00019667175173768142,
            -2.9429968766134684e-06,
            4.225443179012245e-06,
            -3.8598822495562644e-05,
            3.9253752642937894e-05
          ],
          [
            -0.00019667175173768142,
            0.00019667175173768145,
            2.942996876613468e-06,
            -4.225443179012254e-06,
            3.859882249556263e-05,
            -3.9253752642937915e-05
          ],
          [
            -2.9429968766134684e-06,
            2.942996876613468e-06,
            9.908509460228758e-05,
            -9.633507005615794e-05,
            -1.91956550115122e-05,
            1.8885186978406858e-05
          ],
          [
            4.225443179012245e-06,
            -4.225443179012254e-06,
            -9.633507005615794e-05,
            0.0001862409577613177,
            1.6632534050834215e-05,
            -4.4159278340581955e-05
          ],
          [
            -3.8598822495562644e-05,
            3.859882249556263e-05,
            -1.91956550115122e-05,
            1.6632534050834215e-05,
            0.0011043391840397398,
            -0.0009994647645509508
          ],
          [
            3.9253752642937894e-05,
            -3.9253752642937915e-05,
            1.8885186978406858e-05,
            -4.4159278340581955e-05,
            -0.0009994647645509508,
            0.001152176292245778
          ]
        ]
      }
    },
    "nc_sen": {
      "electorate": {
        "republican": 0.3333333333333333,
        "democratic": 0.3333333333333333,
        "independent": 0.3333333333333333
      },
      "state": {
        "mean": [
          0.8364373248275853,
          0.06852397802910726,
          0.04187771726455947,
          0.9192507869415802,
          0.3062466213602277,
          0.5493503596206967
        ],
        "covariance": [
          [
            0.0002693779736362884,
            -0.00011253023740249158,
            0.0,
            0.0,
            0.0,
            0.0
          ],
          [
            -0.00011253023740249158,
            0.00012586228089919065,
            0.0,
            0.0,
            0.0,
            0.0
          ],
          [
            0.0,
            0.0,
            7.724069837822961e-05,
            -7.397920492317725e-05,
            0.0,
            0.0
          ],
          [
            0.0,
            0.0,
            -7.397920492317725e-05,
            0.00014291357347269868,
            0.0,
            0.0
          ],
          [
            0.0,
            0.0,
            0.0,
            0.0,
            0.00039803135171583763,
            -0.00031374621663253954
          ],
          [
            0.0,
            0.0,
            0.0,
            0.0,
            -0.00031374621663253954,
            0.00046493831489319325
          ]
        ]
      }
    },
    "fl_gov": {
      "electorate": {
        "republican": 0.3333333333333333,
        "democratic": 0.3333333333333333,
        "independent": 0.3333333333333333
      },
      "state": {
        "mean": [
          0.86,
          0.1,
          0.08,
          0.88,
          0.46,
          0.46
        ],
        "covariance": [
          [
            0.04,
            0.0,
            0.0,
            0.0,
            0.0,
            0.0
          ],
          [
            0.0,
            0.04,
            0.0,
            0.0,
            0.0,
            0.0
          ],
          [
            0.0,
            0.0,
            0.04,
            0.0,
            0.0,
            0.0
          ],
          [
            0.0,
            0.0,
            0.0,
            0.04,
            0.0,
            0.0
          ],
          [
            0.0,
            0.0,
            0.0,
            0.0,
            0.04,
            0.0
          ],
          [
            0.0,
            0.0,
            0.0,
            0.0,
            0.0,
            0.04
          ]
        ]
      }
    },
    "ga_gov": {
      "electorate": {
        "republican": 0.3333333333333333,
        "democratic": 0.3333333333333333,
        "independent": 0.3333333333333333
      },
      "state": {
        "mean": [
          0.8252250331930376,
          0.1082690090536721,
          0.04522503319303763,
          0.8882690090536721,
          0.42522503319303767,
          0.4682690090536721
        ],
        "covariance": [
          [
            0.027225239179066052,
            -0.0004741672674746089,
            -0.012774760820933945,
            -0.0004741672674746089,
            -0.012774760820933947,
            -0.0004741672674746089
          ],
          [
            -0.0004741672674746089,
            0.027236041281030347,
            -0.0004741672674746089,
            -0.012763958718969645,
            -0.0004741672674746089,
            -0.012763958718969645
          ],
          [
            -0.012774760820933945,
            -0.0004741672674746089,
            0.027225239179066055,
            -0.0004741672674746089,
            -0.012774760820933947,
            -0.0004741672674746089
          ],
          [
            -0.0004741672674746089,
            -0.012763958718969645,
            -0.0004741672674746089,
            0.02723604128103035,
            -0.0004741672674746089,
            -0.012763958718969643
          ],
          [
            -0.012774760820933947,
            -0.0004741672674746089,
            -0.012774760820933947,
            -0.0004741672674746089,
            0.027225239179066055,
            -0.0004741672674746089
          ],
          [
            -0.0004741672674746089,
            -0.012763958718969645,
            -0.0004741672674746089,
            -0.012763958718969643,
            -0.0004741672674746089,
            0.02723604128103035
          ]
        ]
      }
    },
    "tx_gov": {
      "electorate": {
        "republican": 0.3333333333333333,
        "democratic": 0.3333333333333333,
        "independent": 0.3333333333333333
      },
      "state": {
        "mean": [
          0.9245421653576021,
          0.05158161695383803,
          0.070833013870955,
          0.8807049387950068,
          0.4844235687597388,
          0.39521920269025557
        ],
        "covariance": [
          [
            0.000181749456418418,
            -0.00013489473447226766,
            -1.1656547739554793e-05,
            9.280375140878029e-06,
            -6.038575878317139e-05,
            4.4912423025192925e-05
          ],
          [
            -0.00013489473447226766,
            0.00013866158904902575,
            9.675306162222481e-06,
            -1.2138010036627604e-05,
            4.4530180174159604e-05,
            -4.474915431661766e-05
          ],
          [
            -1.1656547739554793e-05,
            9.675306162222481e-06,
            0.00022806042560503484,
            -0.00021544582898038475,
            -7.692845940717276e-05,
            7.291249566890429e-05
          ],
          [
            9.280375140878029e-06,
            -1.2138010036627604e-05,
            -0.00021544582898038475,
            0.00031503203821489455,
            7.352498077467122e-05,
            -0.0001061367604192389
          ],
          [
            -6.038575878317139e-05,
            4.4530180174159604e-05,
            -7.692845940717276e-05,
            7.352498077467122e-05,
            0.0008326240621266635,
            -0.0006915989932261002
          ],
          [
            4.4912423025192925e-05,
            -4.474915431661766e-05,
            7.291249566890429e-05,
            -0.0001061367604192389,
            -0.0006915989932261002,
            0.0008160372748393027
          ]
        ]
      }
    },
    "nh_gov": {
      "electorate": {
        "republican": 0.3333333333333333,
        "democratic": 0.3333333333333333,
        "independent": 0.3333333333333333
      },
      "state": {
        "mean": [
          0.86,
          0.1,
          0.08,
          0.88,
          0.46,
          0.46
        ],
        "covariance": [
          [
            0.04,
            0.0,
            0.0,
            0.0,
            0.0,
            0.0
          ],
          [
            0.0,
            0.04,
            0.0,
            0.0,
            0.0,
            0.0
          ],
          [
            0.0,
            0.0,
            0.04,
            0.0,
            0.0,
            0.0
          ],
          [
            0.0,
            0.0,
            0.0,
            0.04,
            0.0,
            0.0
          ],
          [
            0.0,
            0.0,
            0.0,
            0.0,
            0.04,
            0.0
          ],
          [
            0.0,
            0.0,
            0.0,
            0.0,
            0.0,
            0.04
          ]
        ]
      }
    },
    "ia_gov": {
      "electorate": {
        "republican": 0.3333333333333333,
        "democratic": 0.3333333333333333,
        "independent": 0.3333333333333333
      },
      "state": {
        "mean": [
          0.8244010179880277,
          0.0991093350117253,
          0.044401017988027695,
          0.8791093350117253,
          0.4244010179880277,
          0.4591093350117253
        ],
        "covariance": [
          [
            0.027054915632010058,
            -0.00032387817755444206,
            -0.012945084367989945,
            -0.0003238781775544421,
            -0.012945084367989947,
            -0.0003238781775544421
          ],
          [
            -0.00032387817755444206,
            0.0270619769294858,
            -0.00032387817755444206,
            -0.012938023070514193,
            -0.00032387817755444206,
            -0.012938023070514193
          ],
          [
            -0.012945084367989945,
            -0.00032387817755444206,
            0.027054915632010058,
            -0.00032387817755444206,
            -0.012945084367989947,
            -0.00032387817755444206
          ],
          [
            -0.0003238781775544421,
            -0.012938023070514193,
            -0.00032387817755444206,
            0.027061976929485802,
            -0.0003238781775544421,
            -0.012938023070514193
          ],
          [
            -0.012945084367989947,
            -0.00032387817755444206,
            -0.012945084367989947,
            -0.0003238781775544421,
            0.027054915632010054,
            -0.0003238781775544421
          ],
          [
            -0.0003238781775544421,
            -0.012938023070514193,
            -0.00032387817755444206,
            -0.012938023070514193,
            -0.0003238781775544421,
            0.027061976929485802
          ]
        ]
      }
    },
    "pa_gov": {
      "electorate": {
        "republican": 0.3333333333333333,
        "democratic": 0.3333333333333333,
        "independent": 0.3333333333333333
      },
      "state": {
        "mean": [
          0.757982195107731,
          0.1952321566756054,
          0.0,
          0.9752321566756054,
          0.3579821951077311,
          0.5552321566756054
        ],
        "covariance": [
          [
            0.02698168341947443,
            -0.0002838303669247362,
            -0.013018316580525558,
            -0.0002838303669247362,
            -0.01301831658052556,
            -0.00028383036692473625
          ],
          [
            -0.0002838303669247362,
            0.0269996267185329,
            -0.0002838303669247362,
            -0.0130003732814671,
            -0.0002838303669247362,
            -0.013000373281467102
          ],
          [
            -0.013018316580525558,
            -0.0002838303669247362,
            0.026981683419474434,
            -0.0002838303669247362,
            -0.01301831658052556,
            -0.00028383036692473625
          ],
          [
            -0.0002838303669247362,
            -0.0130003732814671,
            -0.0002838303669247362,
            0.0269996267185329,
            -0.0002838303669247362,
            -0.013000373281467102
          ],
          [
            -0.01301831658052556,
            -0.0002838303669247362,
            -0.01301831658052556,
            -0.0002838303669247362,
            0.026981683419474434,
            -0.00028383036692473625
          ],
          [
            -0.00028383036692473625,
            -0.013000373281467102,
            -0.00028383036692473625,
            -0.013000373281467102,
            -0.00028383036692473625,
            0.0269996267185329
          ]
        ]
      }
    },
    "az_gov": {
      "electorate": {
        "republican": 0.3333333333333333,
        "democratic": 0.3333333333333333,
        "independent": 0.3333333333333333
      },
      "state": {
        "mean": [
          0.86,
          0.1,
          0.08,
          0.88,
          0.46,
          0.46
        ],
        "covariance": [
          [
            0.04,
            0.0,
            0.0,
            0.0,
            0.0,
            0.0
          ],
          [
            0.0,
            0.04,
            0.0,
            0.0,
            0.0,
            0.0
          ],
          [
            0.0,
            0.0,
            0.04,
            0.0,
            0.0,
            0.0
          ],
          [
            0.0,
            0.0,
            0.0,
            0.04,
            0.0,
            0.0
          ],
          [
            0.0,
            0.0,
            0.0,
            0.0,
            0.04,
            0.0
          ],
          [
            0.0,
            0.0,
            0.0,
            0.0,
            0.0,
            0.04
          ]
        ]
      }
    },
    "oh_gov": {
      "electorate": {
        "republican": 0.3333333333333333,
        "democratic": 0.3333333333333333,
        "independent": 0.3333333333333333
      },
      "state": {
        "mean": [
          0.8809158080828701,
          0.0624970070842218,
          0.10091580808287011,
          0.8424970070842218,
          0.48091580808287016,
          0.42249700708422183
        ],
        "covariance": [
          [
            0.02722755686320476,
            -0.0004786558021738644,
            -0.012772443136795238,
            -0.00047865580217386437,
            -0.012772443136795238,
            -0.0004786558021738644
          ],
          [
            -0.0004786558021738644,
            0.027219786476805834,
            -0.0004786558021738644,
            -0.012780213523194164,
            -0.0004786558021738644,
            -0.012780213523194164
          ],
          [
            -0.012772443136795238,
            -0.0004786558021738644,
            0.02722755686320476,
            -0.00047865580217386437,
            -0.012772443136795238,
            -0.0004786558021738644
          ],
          [
            -0.00047865580217386437,
            -0.012780213523194164,
            -0.00047865580217386437,
            0.027219786476805834,
            -0.0004786558021738644,
            -0.012780213523194164
          ],
          [
            -0.012772443136795238,
            -0.0004786558021738644,
            -0.012772443136795238,
            -0.0004786558021738644,
            0.02722755686320476,
            -0.0004786558021738645
          ],
          [
            -0.0004786558021738644,
            -0.012780213523194164,
            -0.0004786558021738644,
            -0.012780213523194164,
            -0.0004786558021738645,
            0.02721978647680584
          ]
        ]
      }
    },
    "mi_gov": {
      "electorate": {
        "republican": 0.3333333333333333,
        "democratic": 0.3333333333333333,
        "independent": 0.3333333333333333
      },
      "state": {
        "mean": [
          0.86,
          0.1,
          0.08,
          0.88,
          0.46,
          0.46
        ],
        "covariance": [
          [
            0.04,
            0.0,
            0.0,
            0.0,
            0.0,
            0.0
          ],
          [
            0.0,
            0.04,
            0.0,
            0.0,
            0.0,
            0.0
          ],
          [
            0.0,
            0.0,
            0.04,
            0.0,
            0.0,
            0.0
          ],
          [
            0.0,
            0.0,
            0.0,
            0.04,
            0.0,
            0.0
          ],
          [
            0.0,
            0.0,
            0.0,
            0.0,
            0.04,
            0.0
          ],
          [
            0.0,
            0.0,
            0.0,
            0.0,
            0.0,
            0.04
          ]
        ]
      }
    },
    "wi_gov": {
      "electorate": {
        "republican": 0.3333333333333333,
        "democratic": 0.3333333333333333,
        "independent": 0.3333333333333333
      },
      "state": {
        "mean": [
          0.86,
          0.1,
          0.08,
          0.88,
          0.46,
          0.46
        ],
        "covariance": [
          [
            0.04,
            0.0,
            0.0,
            0.0,
            0.0,
            0.0
          ],
          [
            0.0,
            0.04,
            0.0,
            0.0,
            0.0,
            0.0
          ],
          [
            0.0,
            0.0,
            0.04,
            0.0,
            0.0,
            0.0
          ],
          [
            0.0,
            0.0,
            0.0,
            0.04,
            0.0,
            0.0
          ],
          [
            0.0,
            0.0,
            0.0,
            0.0,
            0.04,
            0.0
          ],
          [
            0.0,
            0.0,
            0.0,
            0.0,
            0.0,
            0.04
          ]
        ]
      }
    }
  }
}
