{
  "races": {
    "fl_sen": {
      "electorate": {
        "republican": 0.42,
        "democratic": 0.28,
        "independent": 0.3
      },
      "state": {
        "mean": [
          0.86,
          0.1,
          0.08,
          0.88,
          0.46,
          0.46
        ],
        "covariance": [
          [
            0.04,
            0.0,
            0.0,
            0.0,
            0.0,
            0.0
          ],
          [
            0.0,
            0.04,
            0.0,
            0.0,
            0.0,
            0.0
          ],
          [
            0.0,
            0.0,
            0.04,
            0.0,
            0.0,
            0.0
          ],
          [
            0.0,
            0.0,
            0.0,
            0.04,
            0.0,
            0.0
          ],
          [
            0.0,
            0.0,
            0.0,
            0.0,
            0.04,
            0.0
          ],
          [
            0.0,
            0.0,
            0.0,
            0.0,
            0.0,
            0.04
          ]
        ]
      }
    },
    "tx_sen": {
      "electorate": {
        "republican": 0.41,
        "democratic": 0.3,
        "independent": 0.29
      },
      "state": {
        "mean": [
          0.9060742227709606,
          0.056415107136200536,
          0.026679995725578397,
          0.9569030694871036,
          0.3585632600292189,
          0.5342651100589075
        ],
        "covariance": [
          [
            0.00014380300031551787,
            -8.622680749352819e-05,
            0.0,
            0.0,
            0.0,
            0.0
          ],
          [
            -8.622680749352819e-05,
            8.992695077018355e-05,
            0.0,
            0.0,
            0.0,
            0.0
          ],
          [
            0.0,
            0.0,
            5.535669612893229e-05,
            -5.437974965775422e-05,
            0.0,
            0.0
          ],
          [
            0.0,
            0.0,
            -5.437974965775422e-05,
            8.798453600049151e-05,
            0.0,
            0.0
          ],
          [
            0.0,
            0.0,
            0.0,
            0.0,
            0.0006015006973268313,
            -0.0004984242457827502
          ],
          [
            0.0,
            0.0,
            0.0,
            0.0,
            -0.0004984242457827502,
            0.0006520098410391986
          ]
        ]
      }
    },
    "ga_sen": {
      "electorate": {
        "republican": 0.41,
        "democratic": 0.36,
        "independent": 0.23
      },
      "state": {
        "mean": [
          0.8897125867592875,
          0.10026104839304804,
          0.030372042897927436,
          0.9595533730389209,
          0.2874868883409532,
          0.6721308594154694
        ],
        "covariance": [
          [
            0.00038321765428326373,
            -0.0003480645240640464,
            0.0,
            0.0,
            0.0,
            0.0
          ],
          [
            -0.0003480645240640464,
            0.0003523220392258935,
            0.0,
            0.0,
            0.0,
            0.0
          ],
          [
            0.0,
            0.0,
            0.00011527520194504532,
            -0.00011397444774805352,
            0.0,
            0.0
          ],
          [
            0.0,
            0.0,
            -0.00011397444774805352,
            0.0001520794506970211,
            0.0,
            0.0
          ],
          [
            0.0,
            0.0,
            0.0,
            0.0,
            0.0007738407928303023,
            -0.0007281099587666813
          ],
          [
            0.0,
            0.0,
            0.0,
            0.0,
            -0.0007281099587666813,
            0.0008350265036510317
          ]
        ]
      }
    },
    "me_sen": {
      "electorate": {
        "republican": 0.233,
        "democratic": 0.275,
        "independent": 0.492
      },
      "state": {
        "mean": [
          0.9898743930149136,
          0.0101256069850863,
          0.060048819102767804,
          0.8799544083533267,
          0.42153342101838015,
          0.45880295356947864
        ],
        "covariance": [
          [
            2.2837633652060603e-05,
            -2.2837633652060583e-05,
            0.0,
            0.0,
            0.0,
            0.0
          ],
          [
            -2.2837633652060583e-05,
            2.2837633652060583e-05,
            0.0,
            0.0,
            0.0,
            0.0
          ],
          [
            0.0,
            0.0,
            9.76382055356128e-05,
            -9.118329334653589e-05,
            0.0,
            0.0
          ],
          [
            0.0,
            0.0,
            -9.118329334653589e-05,
            0.00018260445615397576,
            0.0,
            0.0
          ],
          [
            0.0,
            0.0,
            0.0,
            0.0,
            0.0015334210183801775,
            -0.0011970464305213822
          ],
          [
            0.0,
            0.0,
            0.0,
            0.0,
            -0.0011970464305213822,
            0.0015631613023682866
          ]
        ]
      }
    },
    "nh_sen": {
      "electorate": {
        "republican": 0.29,
        "democratic": 0.28,
        "independent": 0.43
      },
      "state": {
        "mean": [
          0.86,
          0.1,
          0.08,
          0.88,
          0.46,
          0.46
        ],
        "covariance": [
          [
            0.04,
            0.0,
            0.0,
            0.0,
            0.0,
            0.0
          ],
          [
            0.0,
            0.04,
            0.0,
            0.0,
            0.0,
            0.0
          ],
          [
            0.0,
            0.0,
            0.04,
            0.0,
            0.0,
            0.0
          ],
          [
            0.0,
            0.0,
            0.0,
            0.04,
            0.0,
            0.0
          ],
          [
            0.0,
            0.0,
            0.0,
            0.0,
            0.04,
            0.0
          ],
          [
            0.0,
            0.0,
            0.0,
            0.0,
            0.0,
            0.04
          ]
        ]
      }
    },
    "ia_sen": {
      "electorate": {
        "republican": 0.3564356435643564,
        "democratic": 0.25742574257425743,
        "independent": 0.38613861386138615
      },
      "state": {
        "mean": [
          0.9239291575883326,
          0.04757881010345319,
          0.014487192477476998,
          0.9710818009863175,
          0.34076046917744446,
          0.542629398850758
        ],
        "covariance": [
          [
            0.00015482312891908264,
            -9.663405811580534e-05,
            0.0,
            0.0,
            0.0,
            0.0
          ],
          [
            -9.663405811580534e-05,
            9.975614670892829e-05,
            0.0,
            0.0,
            0.0,
            0.0
          ],
          [
            0.0,
            0.0,
            3.3756610452355705e-05,
            -3.323685436136009e-05,
            0.0,
            0.0
          ],
          [
            0.0,
            0.0,
            -3.323685436136009e-05,
            6.650221374361335e-05,
            0.0,
            0.0
          ],
          [
            0.0,
            0.0,
            0.0,
            0.0,
            0.0004583138294069138,
            -0.0003756505073138401
          ],
          [
            0.0,
            0.0,
            0.0,
            0.0,
            -0.0003756505073138401,
            0.0005072841703459612
          ]
        ]
      }
    },
    "ak_sen": {
      "electorate": {
        "republican": 0.35,
        "democratic": 0.19,
        "independent": 0.46
      },
      "state": {
        "mean": [
          0.9289451079341575,
          0.06095714463062636,
          0.0511077616007249,
          0.9286253059443467,
          0.3829468344519249,
          0.5369678707750871
        ],
        "covariance": [
          [
            0.00040479638370499743,
            -0.00034649839435877,
            0.0,
            0.0,
            0.0,
            0.0
          ],
          [
            -0.00034649839435877,
            0.00035077244049852276,
            0.0,
            0.0,
            0.0,
            0.0
          ],
          [
            0.0,
            0.0,
            0.0005633383647875601,
            -0.0005482062617073865,
            0.0,
            0.0
          ],
          [
            0.0,
            0.0,
            -0.0005482062617073865,
            0.0007708314874983126,
            0.0,
            0.0
          ],
          [
            0.0,
            0.0,
            0.0,
            0.0,
            0.0007897263112301313,
            -0.0006836909147322982
          ],
          [
            0.0,
            0.0,
            0.0,
            0.0,
            -0.0006836909147322982,
            0.0008323736977241539
          ]
        ]
      }
    },
    "mi_sen": {
      "electorate": {
        "republican": 0.34,
        "democratic": 0.35,
        "independent": 0.31
      },
      "state": {
        "mean": [
          0.86,
          0.1,
          0.08,
          0.88,
          0.46,
          0.46
        ],
        "covariance": [
          [
            0.04,
            0.0,
            0.0,
            0.0,
            0.0,
            0.0
          ],
          [
            0.0,
            0.04,
            0.0,
            0.0,
            0.0,
            0.0
          ],
          [
            0.0,
            0.0,
            0.04,
            0.0,
            0.0,
            0.0
          ],
          [
            0.0,
            0.0,
            0.0,
            0.04,
            0.0,
            0.0
          ],
          [
            0.0,
            0.0,
            0.0,
            0.0,
            0.04,
            0.0
          ],
          [
            0.0,
            0.0,
            0.0,
            0.0,
            0.0,
            0.04
          ]
        ]
      }
    },
    "oh_sen": {
      "electorate": {
        "republican": 0.41,
        "democratic": 0.3,
        "independent": 0.29
      },
      "state": {
        "mean": [
          0.9492906666666666,
          0.050709333333333335,
          0.020347269363993573,
          0.9594592054231366,
          0.36710629102153797,
          0.5725912294419674
        ],
        "covariance": [
          [
            0.00020266666666666683,
            -0.0002026666666666667,
            0.0,
            0.0,
            0.0,
            0.0
          ],
          [
            -0.0002026666666666667,
            0.00020266666666666667,
            0.0,
            0.0,
            0.0,
            0.0
          ],
          [
            0.0,
            0.0,
            0.0001005339481411505,
            -9.823422089091222e-05,
            0.0,
            0.0
          ],
          [
            0.0,
            0.0,
            -9.823422089091222e-05,
            0.00019672162276350221,
            0.0,
            0.0
          ],
          [
            0.0,
            0.0,
            0.0,
            0.0,
            0.0013677627101343944,
            -0.0012289614154006854
          ],
          [
            0.0,
            0.0,
            0.0,
            0.0,
            -0.0012289614154006854,
            0.0014454556731769666
          ]
        ]
      }
    },
    "nc_sen": {
      "electorate": {
        "republican": 0.37,
        "democratic": 0.32,
        "independent": 0.31
      },
      "state": {
        "mean": [
          0.8254995015691632,
          0.07347504376164583,
          0.04932427586958972,
          0.9193913040659724,
          0.3392183021576511,
          0.5395450639957085
        ],
        "covariance": [
          [
            0.00020585196701546375,
            -8.649577987289545e-05,
            0.0,
            0.0,
            0.0,
            0.0
          ],
          [
            -8.649577987289545e-05,
            9.740860962218444e-05,
            0.0,
            0.0,
            0.0,
            0.0
          ],
          [
            0.0,
            0.0,
            6.549308537930958e-05,
            -6.327362307258108e-05,
            0.0,
            0.0
          ],
          [
            0.0,
            0.0,
            -6.327362307258108e-05,
            0.00010351812556803859,
            0.0,
            0.0
          ],
          [
            0.0,
            0.0,
            0.0,
            0.0,
            0.0003037967994316817,
            -0.00024734001471898794
          ],
          [
            0.0,
            0.0,
            0.0,
            0.0,
            -0.00024734001471898794,
            0.00033713758556658214
          ]
        ]
      }
    },
    "fl_gov": {
      "electorate": {
        "republican": 0.42,
        "democratic": 0.28,
        "independent": 0.3
      },
      "state": {
        "mean": [
          0.8083793563012613,
          0.07392355065218087,
          0.018164634671871877,
          0.9136338926075102,
          0.39452304013210154,
          0.3793316202578622
        ],
        "covariance": [
          [
            0.00036124094113915655,
            -0.00013885680341471865,
            0.0,
            0.0,
            0.0,
            0.0
          ],
          [
            -0.00013885680341471865,
            0.0001600992255692541,
            0.0,
            0.0,
            0.0,
            0.0
          ],
          [
            0.0,
            0.0,
            7.04721996637696e-05,
            -6.517972046239057e-05,
            0.0,
            0.0
          ],
          [
            0.0,
            0.0,
            -6.517972046239057e-05,
            0.00031185744208612137,
            0.0,
            0.0
          ],
          [
            0.0,
            0.0,
            0.0,
            0.0,
            0.001317356522500071,
            -0.0008051698195236835
          ],
          [
            0.0,
            0.0,
            0.0,
            0.0,
            -0.0008051698195236835,
            0.0012976343707689294
          ]
        ]
      }
    },
    "ga_gov": {
      "electorate": {
        "republican": 0.41,
        "democratic": 0.36,
        "independent": 0.23
      },
      "state": {
        "mean": [
          0.92935989459401,
          0.07064010540599008,
          0.05046867291563888,
          0.949531327084361,
          0.4319744470879291,
          0.5179355355279954
        ],
        "covariance": [
          [
            0.00025604216239601954,
            -0.00025604216239601975,
            0.0,
            0.0,
            0.0,
            0.0
          ],
          [
            -0.00025604216239601975,
            0.0002560421623960197,
            0.0,
            0.0,
            0.0,
            0.0
          ],
          [
            0.0,
            0.0,
            0.00018746916625555008,
            -0.00018746916625555008,
            0.0,
            0.0
          ],
          [
            0.0,
            0.0,
            -0.00018746916625555008,
            0.00018746916625555024,
            0.0,
            0.0
          ],
          [
            0.0,
            0.0,
            0.0,
            0.0,
            0.0009347680451861932,
            -0.0008489140360263147
          ],
          [
            0.0,
            0.0,
            0.0,
            0.0,
            -0.0008489140360263147,
            0.0009518526299899427
          ]
        ]
      }
    },
    "tx_gov": {
      "electorate": {
        "republican": 0.41,
        "democratic": 0.3,
        "independent": 0.29
      },
      "state": {
        "mean": [
          0.9298015989101979,
          0.05196646448266049,
          0.07177908082602535,
          0.8931631546288561,
          0.5059823696547405,
          0.4138276337255207
        ],
        "covariance": [
          [
            0.00019152825859361202,
            -0.0001415123185563899,
            0.0,
            0.0,
            0.0,
            0.0
          ],
          [
            -0.0001415123185563899,
            0.00014446388585659105,
            0.0,
            0.0,
            0.0,
            0.0
          ],
          [
            0.0,
            0.0,
            0.0002443672053038165,
            -0.00023441442510915394,
            0.0,
            0.0
          ],
          [
            0.0,
            0.0,
            -0.00023441442510915394,
            0.0003497555938003033,
            0.0,
            0.0
          ],
          [
            0.0,
            0.0,
            0.0,
            0.0,
            0.0012156642093054588,
            -0.0010086844722195449
          ],
          [
            0.0,
            0.0,
            0.0,
            0.0,
            -0.0010086844722195449,
            0.0011779669214990339
          ]
        ]
      }
    },
    "nh_gov": {
      "electorate": {
        "republican": 0.29,
        "democratic": 0.28,
        "independent": 0.43
      },
      "state": {
        "mean": [
          0.86,
          0.1,
          0.08,
          0.88,
          0.46,
          0.46
        ],
        "covariance": [
          [
            0.04,
            0.0,
            0.0,
            0.0,
            0.0,
            0.0
          ],
          [
            0.0,
            0.04,
            0.0,
            0.0,
            0.0,
            0.0
          ],
          [
            0.0,
            0.0,
            0.04,
            0.0,
            0.0,
            0.0
          ],
          [
            0.0,
            0.0,
            0.0,
            0.04,
            0.0,
            0.0
          ],
          [
            0.0,
            0.0,
            0.0,
            0.0,
            0.04,
            0.0
          ],
          [
            0.0,
            0.0,
            0.0,
            0.0,
            0.0,
            0.04
          ]
        ]
      }
    },
    "ia_gov": {
      "electorate": {
        "republican": 0.3564356435643564,
        "democratic": 0.25742574257425743,
        "independent": 0.38613861386138615
      },
      "state": {
        "mean": [
          0.8405803486300522,
          0.12945695147988318,
          0.020289745335264703,
          0.9696248543623068,
          0.2757759714123059,
          0.59382837620319
        ],
        "covariance": [
          [
            0.0005238280311499564,
            -0.0004245794859696472,
            0.0,
            0.0,
            0.0,
            0.0
          ],
          [
            -0.0004245794859696472,
            0.0004410117028426899,
            0.0,
            0.0,
            0.0,
            0.0
          ],
          [
            0.0,
            0.0,
            7.778716834752775e-05,
            -7.691759233040271e-05,
            0.0,
            0.0
          ],
          [
            0.0,
            0.0,
            -7.691759233040271e-05,
            0.00011545299964334361,
            0.0,
            0.0
          ],
          [
            0.0,
            0.0,
            0.0,
            0.0,
            0.0007603544354579017,
            -0.000618367955394535
          ],
          [
            0.0,
            0.0,
            0.0,
            0.0,
            -0.000618367955394535,
            0.0009241074310531211
          ]
        ]
      }
    },
    "pa_gov": {
      "electorate": {
        "republican": 0.4,
        "democratic": 0.37,
        "independent": 0.23
      },
      "state": {
        "mean": [
          0.8698762561905338,
          0.10009494301531231,
          0.010162432953935915,
          0.9595840993239195,
          0.29590758822623037,
          0.5738249876504468
        ],
        "covariance": [
          [
            0.0004949752378648218,
            -0.0003797720612492553,
            0.0,
            0.0,
            0.0,
            0.0
          ],
          [
            -0.0003797720612492553,
            0.00039413920780898514,
            0.0,
            0.0,
            0.0,
            0.0
          ],
          [
            0.0,
            0.0,
            4.410202776556466e-05,
            -4.262720267308083e-05,
            0.0,
            0.0
          ],
          [
            0.0,
            0.0,
            -4.262720267308083e-05,
            0.0001706515357012735,
            0.0,
            0.0
          ],
          [
            0.0,
            0.0,
            0.0,
            0.0,
            0.0008854301786534311,
            -0.000714836655651103
          ],
          [
            0.0,
            0.0,
            0.0,
            0.0,
            -0.000714836655651103,
            0.0010456521876786788
          ]
        ]
      }
    },
    "az_gov": {
      "electorate": {
        "republican": 0.34,
        "democratic": 0.27,
        "independent": 0.39
      },
      "state": {
        "mean": [
          0.86,
          0.1,
          0.08,
          0.88,
          0.46,
          0.46
        ],
        "covariance": [
          [
            0.04,
            0.0,
            0.0,
            0.0,
            0.0,
            0.0
          ],
          [
            0.0,
            0.04,
            0.0,
            0.0,
            0.0,
            0.0
          ],
          [
            0.0,
            0.0,
            0.04,
            0.0,
            0.0,
            0.0
          ],
          [
            0.0,
            0.0,
            0.0,
            0.04,
            0.0,
            0.0
          ],
          [
            0.0,
            0.0,
            0.0,
            0.0,
            0.04,
            0.0
          ],
          [
            0.0,
            0.0,
            0.0,
            0.0,
            0.0,
            0.04
          ]
        ]
      }
    },
    "oh_gov": {
      "electorate": {
        "republican": 0.41,
        "democratic": 0.3,
        "independent": 0.29
      },
      "state": {
        "mean": [
          0.86,
          0.1,
          0.08,
          0.88,
          0.46,
          0.46
        ],
        "covariance": [
          [
            0.04,
            0.0,
            0.0,
            0.0,
            0.0,
            0.0
          ],
          [
            0.0,
            0.04,
            0.0,
            0.0,
            0.0,
            0.0
          ],
          [
            0.0,
            0.0,
            0.04,
            0.0,
            0.0,
            0.0
          ],
          [
            0.0,
            0.0,
            0.0,
            0.04,
            0.0,
            0.0
          ],
          [
            0.0,
            0.0,
            0.0,
            0.0,
            0.04,
            0.0
          ],
          [
            0.0,
            0.0,
            0.0,
            0.0,
            0.0,
            0.04
          ]
        ]
      }
    },
    "mi_gov": {
      "electorate": {
        "republican": 0.34,
        "democratic": 0.35,
        "independent": 0.31
      },
      "state": {
        "mean": [
          0.86,
          0.1,
          0.08,
          0.88,
          0.46,
          0.46
        ],
        "covariance": [
          [
            0.04,
            0.0,
            0.0,
            0.0,
            0.0,
            0.0
          ],
          [
            0.0,
            0.04,
            0.0,
            0.0,
            0.0,
            0.0
          ],
          [
            0.0,
            0.0,
            0.04,
            0.0,
            0.0,
            0.0
          ],
          [
            0.0,
            0.0,
            0.0,
            0.04,
            0.0,
            0.0
          ],
          [
            0.0,
            0.0,
            0.0,
            0.0,
            0.04,
            0.0
          ],
          [
            0.0,
            0.0,
            0.0,
            0.0,
            0.0,
            0.04
          ]
        ]
      }
    },
    "wi_gov": {
      "electorate": {
        "republican": 0.37,
        "democratic": 0.33,
        "independent": 0.3
      },
      "state": {
        "mean": [
          0.86,
          0.1,
          0.08,
          0.88,
          0.46,
          0.46
        ],
        "covariance": [
          [
            0.04,
            0.0,
            0.0,
            0.0,
            0.0,
            0.0
          ],
          [
            0.0,
            0.04,
            0.0,
            0.0,
            0.0,
            0.0
          ],
          [
            0.0,
            0.0,
            0.04,
            0.0,
            0.0,
            0.0
          ],
          [
            0.0,
            0.0,
            0.0,
            0.04,
            0.0,
            0.0
          ],
          [
            0.0,
            0.0,
            0.0,
            0.0,
            0.04,
            0.0
          ],
          [
            0.0,
            0.0,
            0.0,
            0.0,
            0.0,
            0.04
          ]
        ]
      }
    },
    "us_house_generic": {
      "electorate": {
        "republican": 0.35,
        "democratic": 0.35,
        "independent": 0.3
      },
      "state": {
        "mean": [
          0.9696654449644019,
          0.030334555035597687,
          0.012138403672457177,
          0.9878615963275426,
          0.3626798766885874,
          0.6373201233114106
        ],
        "covariance": [
          [
            9.813037069285862e-06,
            -9.813037069285754e-06,
            0.0,
            0.0,
            0.0,
            0.0
          ],
          [
            -9.813037069285754e-06,
            9.81303706928575e-06,
            0.0,
            0.0,
            0.0,
            0.0
          ],
          [
            0.0,
            0.0,
            3.635921148079805e-06,
            -3.635921148079805e-06,
            0.0,
            0.0
          ],
          [
            0.0,
            0.0,
            -3.635921148079805e-06,
            3.635921148079864e-06,
            0.0,
            0.0
          ],
          [
            0.0,
            0.0,
            0.0,
            0.0,
            3.958201576983871e-05,
            -3.95820157698386e-05
          ],
          [
            0.0,
            0.0,
            0.0,
            0.0,
            -3.95820157698386e-05,
            3.958201576983881e-05
          ]
        ]
      }
    }
  }
}
