{
  "races": {
    "fl_sen": {
      "electorate": {
        "republican": 0.42,
        "democratic": 0.28,
        "independent": 0.3
      },
      "state": {
        "mean": [
          0.86,
          0.1,
          0.08,
          0.88,
          0.46,
          0.46
        ],
        "covariance": [
          [
            0.04,
            0.0,
            0.0,
            0.0,
            0.0,
            0.0
          ],
          [
            0.0,
            0.04,
            0.0,
            0.0,
            0.0,
            0.0
          ],
          [
            0.0,
            0.0,
            0.04,
            0.0,
            0.0,
            0.0
          ],
          [
            0.0,
            0.0,
            0.0,
            0.04,
            0.0,
            0.0
          ],
          [
            0.0,
            0.0,
            0.0,
            0.0,
            0.04,
            0.0
          ],
          [
            0.0,
            0.0,
            0.0,
            0.0,
            0.0,
            0.04
          ]
        ]
      }
    },
    "tx_sen": {
      "electorate": {
        "republican": 0.41,
        "democratic": 0.3,
        "independent": 0.29
      },
      "state": {
        "mean": [
          0.887873045841527,
          0.060011679810313065,
          0.02452915991434968,
          0.954174484413796,
          0.3233658083210356,
          0.5310702300219913
        ],
        "covariance": [
          [
            0.00013201092431055377,
            -8.04134162918708e-05,
            -2.811519657266939e-06,
            1.9299696723012933e-06,
            -3.168264733800011e-05,
            2.069264066834012e-05
          ],
          [
            -8.04134162918708e-05,
            8.531025103729515e-05,
            2.096113466473159e-06,
            -2.8073814570024487e-06,
            2.008206885202264e-05,
            -2.16421266718102e-05
          ],
          [
            -2.811519657266939e-06,
            2.096113466473159e-06,
            5.439837939721181e-05,
            -5.31668827438726e-05,
            -9.363915646751652e-06,
            9.573741528813094e-06
          ],
          [
            1.9299696723012933e-06,
            -2.8073814570024487e-06,
            -5.31668827438726e-05,
            8.570124801008404e-05,
            9.916290689222941e-06,
            -1.5514828959598695e-05
          ],
          [
            -3.168264733800011e-05,
            2.008206885202264e-05,
            -9.363915646751652e-06,
            9.916290689222941e-06,
            0.0005050005401104054,
            -0.00041366418095232794
          ],
          [
            2.069264066834012e-05,
            -2.16421266718102e-05,
            9.573741528813094e-06,
            -1.5514828959598695e-05,
            -0.00041366418095232794,
            0.0005409347068609712
          ]
        ]
      }
    },
    "ga_sen": {
      "electorate": {
        "republican": 0.41,
        "democratic": 0.36,
        "independent": 0.23
      },
      "state": {
        "mean": [
          0.8089741714810887,
          0.15006330062036963,
          0.03519683349559013,
          0.92395802005691,
          0.4313757547332937,
          0.48808429059191466
        ],
        "covariance": [
          [
            0.02158897539773997,
            -0.000693464946476902,
            -0.016165777699545397,
            -0.0006088960505650847,
            -0.010328135752487335,
            -0.0003890169211943598
          ],
          [
            -0.000693464946476902,
            0.021599791473108372,
            -0.0006088960505650848,
            -0.016156280657758506,
            -0.0003890169211943598,
            -0.010322068198012381
          ],
          [
            -0.016165777699545397,
            -0.0006088960505650848,
            0.025805658605277216,
            -0.0005346404346425135,
            -0.009068607002184004,
            -0.00034157583324382804
          ],
          [
            -0.0006088960505650847,
            -0.016156280657758506,
            -0.0005346404346425135,
            0.02581399747123643,
            -0.000341575833243828,
            -0.009063279393376724
          ],
          [
            -0.010328135752487335,
            -0.0003890169211943598,
            -0.009068607002184004,
            -0.000341575833243828,
            0.03420616774860466,
            -0.00021822900457244568
          ],
          [
            -0.0003890169211943598,
            -0.010322068198012381,
            -0.00034157583324382804,
            -0.009063279393376724,
            -0.00021822900457244568,
            0.034209571498675984
          ]
        ]
      }
    },
    "me_sen": {
      "electorate": {
        "republican": 0.233,
        "democratic": 0.275,
        "independent": 0.492
      },
      "state": {
        "mean": [
          0.86,
          0.1,
          0.08,
          0.88,
          0.46,
          0.46
        ],
        "covariance": [
          [
            0.04,
            0.0,
            0.0,
            0.0,
            0.0,
            0.0
          ],
          [
            0.0,
            0.04,
            0.0,
            0.0,
            0.0,
            0.0
          ],
          [
            0.0,
            0.0,
            0.04,
            0.0,
            0.0,
            0.0
          ],
          [
            0.0,
            0.0,
            0.0,
            0.04,
            0.0,
            0.0
          ],
          [
            0.0,
            0.0,
            0.0,
            0.0,
            0.04,
            0.0
          ],
          [
            0.0,
            0.0,
            0.0,
            0.0,
            0.0,
            0.04
          ]
        ]
      }
    },
    "nh_sen": {
      "electorate": {
        "republican": 0.29,
        "democratic": 0.28,
        "independent": 0.43
      },
      "state": {
        "mean": [
          0.86,
          0.1,
          0.08,
          0.88,
          0.46,
          0.46
        ],
        "covariance": [
          [
            0.04,
            0.0,
            0.0,
            0.0,
            0.0,
            0.0
          ],
          [
            0.0,
            0.04,
            0.0,
            0.0,
            0.0,
            0.0
          ],
          [
            0.0,
            0.0,
            0.04,
            0.0,
            0.0,
            0.0
          ],
          [
            0.0,
            0.0,
            0.0,
            0.04,
            0.0,
            0.0
          ],
          [
            0.0,
            0.0,
            0.0,
            0.0,
            0.04,
            0.0
          ],
          [
            0.0,
            0.0,
            0.0,
            0.0,
            0.0,
            0.04
          ]
        ]
      }
    },
    "ia_sen": {
      "electorate": {
        "republican": 0.3564356435643564,
        "democratic": 0.25742574257425743,
        "independent": 0.38613861386138615
      },
      "state": {
        "mean": [
          0.9412604248701084,
          0.03267231881497555,
          0.009583219834810988,
          0.9784306313750113,
          0.3952162199300208,
          0.4827700169017452
        ],
        "covariance": [
          [
            0.0002360599523170943,
            -0.0001430635767364228,
            -1.3969233850276621e-06,
            2.497848506291021e-07,
            -4.274067868644942e-05,
            2.4324824583325855e-05
          ],
          [
            -0.0001430635767364228,
            0.00014756515127619827,
            1.044130215656746e-06,
            -1.6264734619047678e-06,
            2.5418553276959708e-05,
            -2.6469586748794842e-05
          ],
          [
            -1.3969233850276621e-06,
            1.044130215656746e-06,
            5.916462456967603e-05,
            -5.833771122010388e-05,
            -7.393636961368867e-06,
            7.407608610716249e-06
          ],
          [
            2.497848506291021e-07,
            -1.6264734619047678e-06,
            -5.833771122010388e-05,
            0.00011619372939387503,
            7.180794369328842e-06,
            -1.5478278361964487e-05
          ],
          [
            -4.274067868644942e-05,
            2.5418553276959708e-05,
            -7.393636961368867e-06,
            7.180794369328842e-06,
            0.0008677283511811548,
            -0.000712574289578474
          ],
          [
            2.4324824583325855e-05,
            -2.6469586748794842e-05,
            7.407608610716249e-06,
            -1.5478278361964487e-05,
            -0.000712574289578474,
            0.0008829604861671775
          ]
        ]
      }
    },
    "ak_sen": {
      "electorate": {
        "republican": 0.3333333333333333,
        "democratic": 0.3333333333333333,
        "independent": 0.3333333333333333
      },
      "state": {
        "mean": [
          0.9289451079341575,
          0.06095714463062636,
          0.0511077616007249,
          0.9286253059443467,
          0.3829468344519249,
          0.5369678707750871
        ],
        "covariance": [
          [
            0.0004047963837049975,
            -0.00034649839435877,
            0.0,
            0.0,
            0.0,
            0.0
          ],
          [
            -0.00034649839435877,
            0.00035077244049852276,
            0.0,
            0.0,
            0.0,
            0.0
          ],
          [
            0.0,
            0.0,
            0.0005633383647875601,
            -0.0005482062617073865,
            0.0,
            0.0
          ],
          [
            0.0,
            0.0,
            -0.0005482062617073865,
            0.0007708314874983126,
            0.0,
            0.0
          ],
          [
            0.0,
            0.0,
            0.0,
            0.0,
            0.0007897263112301313,
            -0.0006836909147322982
          ],
          [
            0.0,
            0.0,
            0.0,
            0.0,
            -0.0006836909147322982,
            0.0008323736977241538
          ]
        ]
      }
    },
    "mi_sen": {
      "electorate": {
        "republican": 0.34,
        "democratic": 0.35,
        "independent": 0.31
      },
      "state": {
        "mean": [
          0.86,
          0.1,
          0.08,
          0.88,
          0.46,
          0.46
        ],
        "covariance": [
          [
            0.04,
            0.0,
            0.0,
            0.0,
            0.0,
            0.0
          ],
          [
            0.0,
            0.04,
            0.0,
            0.0,
            0.0,
            0.0
          ],
          [
            0.0,
            0.0,
            0.04,
            0.0,
            0.0,
            0.0
          ],
          [
            0.0,
            0.0,
            0.0,
            0.04,
            0.0,
            0.0
          ],
          [
            0.0,
            0.0,
            0.0,
            0.0,
            0.04,
            0.0
          ],
          [
            0.0,
            0.0,
            0.0,
            0.0,
            0.0,
            0.04
          ]
        ]
      }
    },
    "oh_sen": {
      "electorate": {
        "republican": 0.41,
        "democratic": 0.3,
        "independent": 0.29
      },
      "state": {
        "mean": [
          0.9510851395871606,
          0.04891486041284082,
          0.020905638245510838,
          0.9548414117775091,
          0.3702483054029532,
          0.55643442304609
        ],
        "covariance": [
          [
            0.00019326985489900652,
            -0.00019326985489900633,
            -3.3745008164694926e-06,
            4.884592141826343e-06,
            -4.2742062697650076e-05,
            4.3601836574447985e-05
          ],
          [
            -0.00019326985489900633,
            0.00019326985489900636,
            3.374500816469491e-06,
            -4.884592141826348e-06,
            4.274206269765004e-05,
            -4.360183657444801e-05
          ],
          [
            -3.3745008164694926e-06,
            3.374500816469491e-06,
            9.9318519043747e-05,
            -9.663461937343596e-05,
            -1.555965331510288e-05,
            1.5329587735437357e-05
          ],
          [
            4.884592141826343e-06,
            -4.884592141826348e-06,
            -9.663461937343596e-05,
            0.00018756552729698559,
            1.3203200964306649e-05,
            -3.672546269407991e-05
          ],
          [
            -4.2742062697650076e-05,
            4.274206269765004e-05,
            -1.555965331510288e-05,
            1.3203200964306649e-05,
            0.001161066198481152,
            -0.0010497909141098472
          ],
          [
            4.3601836574447985e-05,
            -4.360183657444801e-05,
            1.5329587735437357e-05,
            -3.672546269407991e-05,
            -0.0010497909141098472,
            0.0012132625290032983
          ]
        ]
      }
    },
    "nc_sen": {
      "electorate": {
        "republican": 0.37,
        "democratic": 0.32,
        "independent": 0.31
      },
      "state": {
        "mean": [
          0.8364373248275853,
          0.06852397802910726,
          0.04187771726455947,
          0.9192507869415802,
          0.3062466213602277,
          0.5493503596206967
        ],
        "covariance": [
          [
            0.0002693779736362884,
            -0.00011253023740249158,
            0.0,
            0.0,
            0.0,
            0.0
          ],
          [
            -0.00011253023740249158,
            0.00012586228089919065,
            0.0,
            0.0,
            0.0,
            0.0
          ],
          [
            0.0,
            0.0,
            7.724069837822961e-05,
            -7.397920492317725e-05,
            0.0,
            0.0
          ],
          [
            0.0,
            0.0,
            -7.397920492317725e-05,
            0.00014291357347269868,
            0.0,
            0.0
          ],
          [
            0.0,
            0.0,
            0.0,
            0.0,
            0.00039803135171583763,
            -0.00031374621663253954
          ],
          [
            0.0,
            0.0,
            0.0,
            0.0,
            -0.00031374621663253954,
            0.00046493831489319325
          ]
        ]
      }
    },
    "fl_gov": {
      "electorate": {
        "republican": 0.42,
        "democratic": 0.28,
        "independent": 0.3
      },
      "state": {
        "mean": [
          0.86,
          0.1,
          0.08,
          0.88,
          0.46,
          0.46
        ],
        "covariance": [
          [
            0.04,
            0.0,
            0.0,
            0.0,
            0.0,
            0.0
          ],
          [
            0.0,
            0.04,
            0.0,
            0.0,
            0.0,
            0.0
          ],
          [
            0.0,
            0.0,
            0.04,
            0.0,
            0.0,
            0.0
          ],
          [
            0.0,
            0.0,
            0.0,
            0.04,
            0.0,
            0.0
          ],
          [
            0.0,
            0.0,
            0.0,
            0.0,
            0.04,
            0.0
          ],
          [
            0.0,
            0.0,
            0.0,
            0.0,
            0.0,
            0.04
          ]
        ]
      }
    },
    "ga_gov": {
      "electorate": {
        "republican": 0.41,
        "democratic": 0.36,
        "independent": 0.23
      },
      "state": {
        "mean": [
          0.7968309138468042,
          0.1273437515396161,
          0.024534460938657306,
          0.9040091476933214,
          0.4245636833774755,
          0.4753391776929554
        ],
        "covariance": [
          [
            0.02158804805945153,
            -0.0006511605335969648,
            -0.016166591947798653,
            -0.0005717507124266032,
            -0.010328655966649142,
            -0.0003652851773836633
          ],
          [
            -0.0006511605335969648,
            0.02160288228138445,
            -0.0005717507124266033,
            -0.016153566777320973,
            -0.00036528517738366323,
            -0.010320334329955065
          ],
          [
            -0.016166591947798653,
            -0.0005717507124266033,
            0.025804943655591425,
            -0.0005020250157892126,
            -0.009069063775594369,
            -0.00032073820453199696
          ],
          [
            -0.0005717507124266032,
            -0.016153566777320973,
            -0.0005020250157892126,
            0.025816380390645,
            -0.000320738204531997,
            -0.009061756972643473
          ],
          [
            -0.010328655966649142,
            -0.00036528517738366323,
            -0.009069063775594369,
            -0.000320738204531997,
            0.03420587592114804,
            -0.00020491607511766478
          ],
          [
            -0.0003652851773836633,
            -0.010320334329955065,
            -0.00032073820453199696,
            -0.009061756972643473,
            -0.00020491607511766478,
            0.034210544156366665
          ]
        ]
      }
    },
    "tx_gov": {
      "electorate": {
        "republican": 0.41,
        "democratic": 0.3,
        "independent": 0.29
      },
      "state": {
        "mean": [
          0.9140796357020515,
          0.05858221163412823,
          0.06203999805936799,
          0.8910547265086012,
          0.4451912394820162,
          0.4340429127812124
        ],
        "covariance": [
          [
            0.00017576860996733768,
            -0.00013081780827520488,
            -1.3774899455206964e-05,
            1.1039264850202407e-05,
            -6.889284747652571e-05,
            5.1423063612912754e-05
          ],
          [
            -0.00013081780827520488,
            0.00013503983345644754,
            1.1487511012888065e-05,
            -1.4505619525559147e-05,
            5.0993680875298164e-05,
            -5.1513015715488555e-05
          ],
          [
            -1.3774899455206964e-05,
            1.1487511012888065e-05,
            0.00023021380733596278,
            -0.0002178381347734061,
            -6.44068451040472e-05,
            6.135792347043086e-05
          ],
          [
            1.1039264850202407e-05,
            -1.4505619525559147e-05,
            -0.0002178381347734061,
            0.0003193154080745475,
            6.199339228207369e-05,
            -8.981538925136227e-05
          ],
          [
            -6.889284747652571e-05,
            5.0993680875298164e-05,
            -6.44068451040472e-05,
            6.199339228207369e-05,
            0.0009061925777143496,
            -0.0007513499916016092
          ],
          [
            5.1423063612912754e-05,
            -5.1513015715488555e-05,
            6.135792347043086e-05,
            -8.981538925136227e-05,
            -0.0007513499916016092,
            0.0008827339900493714
          ]
        ]
      }
    },
    "nh_gov": {
      "electorate": {
        "republican": 0.29,
        "democratic": 0.28,
        "independent": 0.43
      },
      "state": {
        "mean": [
          0.86,
          0.1,
          0.08,
          0.88,
          0.46,
          0.46
        ],
        "covariance": [
          [
            0.04,
            0.0,
            0.0,
            0.0,
            0.0,
            0.0
          ],
          [
            0.0,
            0.04,
            0.0,
            0.0,
            0.0,
            0.0
          ],
          [
            0.0,
            0.0,
            0.04,
            0.0,
            0.0,
            0.0
          ],
          [
            0.0,
            0.0,
            0.0,
            0.04,
            0.0,
            0.0
          ],
          [
            0.0,
            0.0,
            0.0,
            0.0,
            0.04,
            0.0
          ],
          [
            0.0,
            0.0,
            0.0,
            0.0,
            0.0,
            0.04
          ]
        ]
      }
    },
    "ia_gov": {
      "electorate": {
        "republican": 0.3564356435643564,
        "democratic": 0.25742574257425743,
        "independent": 0.38613861386138615
      },
      "state": {
        "mean": [
          0.785386819000149,
          0.13879154857831197,
          0.026112702611218674,
          0.9080161184176697,
          0.37916905391682804,
          0.5020241776265046
        ],
        "covariance": [
          [
            0.025580129855821417,
            -0.0003514874258036378,
            -0.010414350659684529,
            -0.0002538520297470718,
            -0.015621525989526798,
            -0.0003807780446206077
          ],
          [
            -0.0003514874258036378,
            0.02558779309911656,
            -0.0002538520297470717,
            -0.01040881609508249,
            -0.0003807780446206077,
            -0.015613224142623734
          ],
          [
            -0.010414350659684529,
            -0.0002538520297470717,
            0.03247852452356117,
            -0.00018333757703955188,
            -0.011282213214658244,
            -0.00027500636555932777
          ],
          [
            -0.0002538520297470718,
            -0.01040881609508249,
            -0.00018333757703955188,
            0.0324825217091071,
            -0.0002750063655593278,
            -0.011276217436339362
          ],
          [
            -0.015621525989526798,
            -0.0003807780446206077,
            -0.011282213214658244,
            -0.0002750063655593278,
            0.023076680178012638,
            -0.0004125095483389917
          ],
          [
            -0.0003807780446206077,
            -0.015613224142623734,
            -0.00027500636555932777,
            -0.011276217436339362,
            -0.0004125095483389917,
            0.023085673845490956
          ]
        ]
      }
    },
    "pa_gov": {
      "electorate": {
        "republican": 0.4,
        "democratic": 0.37,
        "independent": 0.23
      },
      "state": {
        "mean": [
          0.7290699024869158,
          0.2184480768718139,
          0.0,
          0.9895644711064279,
          0.38471519392997666,
          0.528107644201293
        ],
        "covariance": [
          [
            0.022116583676127607,
            -0.0003719921626244826,
            -0.016542160099581968,
            -0.0003440927504276464,
            -0.010282964386226627,
            -0.00021389549350907746
          ],
          [
            -0.0003719921626244826,
            0.022140100422040645,
            -0.0003440927504276463,
            -0.016520407109612403,
            -0.00021389549350907746,
            -0.010269442257326629
          ],
          [
            -0.016542160099581968,
            -0.0003440927504276463,
            0.02469850190788668,
            -0.00031828579414557284,
            -0.009511742057259628,
            -0.00019785333149589666
          ],
          [
            -0.0003440927504276464,
            -0.016520407109612403,
            -0.00031828579414557284,
            0.024718623423608532,
            -0.0001978533314958966,
            -0.009499234088027131
          ],
          [
            -0.010282964386226627,
            -0.00021389549350907746,
            -0.009511742057259628,
            -0.0001978533314958966,
            0.03408729547791969,
            -0.00012298990876771955
          ],
          [
            -0.00021389549350907746,
            -0.010269442257326629,
            -0.00019785333149589666,
            -0.009499234088027131,
            -0.00012298990876771955,
            0.03409507070203719
          ]
        ]
      }
    },
    "az_gov": {
      "electorate": {
        "republican": 0.34,
        "democratic": 0.27,
        "independent": 0.39
      },
      "state": {
        "mean": [
          0.86,
          0.1,
          0.08,
          0.88,
          0.46,
          0.46
        ],
        "covariance": [
          [
            0.04,
            0.0,
            0.0,
            0.0,
            0.0,
            0.0
          ],
          [
            0.0,
            0.04,
            0.0,
            0.0,
            0.0,
            0.0
          ],
          [
            0.0,
            0.0,
            0.04,
            0.0,
            0.0,
            0.0
          ],
          [
            0.0,
            0.0,
            0.0,
            0.04,
            0.0,
            0.0
          ],
          [
            0.0,
            0.0,
            0.0,
            0.0,
            0.04,
            0.0
          ],
          [
            0.0,
            0.0,
            0.0,
            0.0,
            0.0,
            0.04
          ]
        ]
      }
    },
    "oh_gov": {
      "electorate": {
        "republican": 0.41,
        "democratic": 0.3,
        "independent": 0.29
      },
      "state": {
        "mean": [
          0.8370883497539936,
          0.10099963119301442,
          0.06323537786877585,
          0.8807314374583032,
          0.44379419860648334,
          0.46070705620969316
        ],
        "covariance": [
          [
            0.021157358153020767,
            -0.0006886080656757069,
            -0.01378729891242383,
            -0.0005038595602505172,
            -0.013327722282009704,
            -0.0004870642415754999
          ],
          [
            -0.0006886080656757069,
            0.0211461794506559,
            -0.0005038595602505172,
            -0.013795478450739584,
            -0.0004870642415755,
            -0.013335629169048265
          ],
          [
            -0.01378729891242383,
            -0.0005038595602505172,
            0.029911732503104516,
            -0.0003686777270125736,
            -0.009751991913665636,
            -0.0003563884694454878
          ],
          [
            -0.0005038595602505172,
            -0.013795478450739584,
            -0.0003686777270125736,
            0.029905747475068592,
            -0.00035638846944548776,
            -0.009757777440767022
          ],
          [
            -0.013327722282009704,
            -0.0004870642415755,
            -0.009751991913665636,
            -0.00035638846944548776,
            0.030573074483456555,
            -0.000344508853797305
          ],
          [
            -0.0004870642415754999,
            -0.013335629169048265,
            -0.0003563884694454878,
            -0.009757777440767022,
            -0.000344508853797305,
            0.030567481807258542
          ]
        ]
      }
    },
    "mi_gov": {
      "electorate": {
        "republican": 0.34,
        "democratic": 0.35,
        "independent": 0.31
      },
      "state": {
        "mean": [
          0.86,
          0.1,
          0.08,
          0.88,
          0.46,
          0.46
        ],
        "covariance": [
          [
            0.04,
            0.0,
            0.0,
            0.0,
            0.0,
            0.0
          ],
          [
            0.0,
            0.04,
            0.0,
            0.0,
            0.0,
            0.0
          ],
          [
            0.0,
            0.0,
            0.04,
            0.0,
            0.0,
            0.0
          ],
          [
            0.0,
            0.0,
            0.0,
            0.04,
            0.0,
            0.0
          ],
          [
            0.0,
            0.0,
            0.0,
            0.0,
            0.04,
            0.0
          ],
          [
            0.0,
            0.0,
            0.0,
            0.0,
            0.0,
            0.04
          ]
        ]
      }
    },
    "wi_gov": {
      "electorate": {
        "republican": 0.37,
        "democratic": 0.33,
        "independent": 0.3
      },
      "state": {
        "mean": [
          0.86,
          0.1,
          0.08,
          0.88,
          0.46,
          0.46
        ],
        "covariance": [
          [
            0.04,
            0.0,
            0.0,
            0.0,
            0.0,
            0.0
          ],
          [
            0.0,
            0.04,
            0.0,
            0.0,
            0.0,
            0.0
          ],
          [
            0.0,
            0.0,
            0.04,
            0.0,
            0.0,
            0.0
          ],
          [
            0.0,
            0.0,
            0.0,
            0.04,
            0.0,
            0.0
          ],
          [
            0.0,
            0.0,
            0.0,
            0.0,
            0.04,
            0.0
          ],
          [
            0.0,
            0.0,
            0.0,
            0.0,
            0.0,
            0.04
          ]
        ]
      }
    }
  }
}
