{
  "races": {
    "fl_sen": {
      "electorate": {
        "republican": 0.42,
        "democratic": 0.28,
        "independent": 0.3
      },
      "state": {
        "mean": [
          0.86,
          0.1,
          0.08,
          0.88,
          0.46,
          0.46
        ],
        "covariance": [
          [
            0.04,
            0.0,
            0.0,
            0.0,
            0.0,
            0.0
          ],
          [
            0.0,
            0.04,
            0.0,
            0.0,
            0.0,
            0.0
          ],
          [
            0.0,
            0.0,
            0.04,
            0.0,
            0.0,
            0.0
          ],
          [
            0.0,
            0.0,
            0.0,
            0.04,
            0.0,
            0.0
          ],
          [
            0.0,
            0.0,
            0.0,
            0.0,
            0.04,
            0.0
          ],
          [
            0.0,
            0.0,
            0.0,
            0.0,
            0.0,
            0.04
          ]
        ]
      }
    },
    "tx_sen": {
      "electorate": {
        "republican": 0.41,
        "democratic": 0.3,
        "independent": 0.29
      },
      "state": {
        "mean": [
          0.887873045841527,
          0.060011679810313065,
          0.02452915991434968,
          0.954174484413796,
          0.3233658083210356,
          0.5310702300219913
        ],
        "covariance": [
          [
            0.00013201092431055377,
            -8.04134162918708e-05,
            -2.811519657266939e-06,
            1.9299696723012933e-06,
            -3.168264733800011e-05,
            2.069264066834012e-05
          ],
          [
            -8.04134162918708e-05,
            8.531025103729515e-05,
            2.096113466473159e-06,
            -2.8073814570024487e-06,
            2.008206885202264e-05,
            -2.16421266718102e-05
          ],
          [
            -2.811519657266939e-06,
            2.096113466473159e-06,
            5.439837939721181e-05,
            -5.31668827438726e-05,
            -9.363915646751652e-06,
            9.573741528813094e-06
          ],
          [
            1.9299696723012933e-06,
            -2.8073814570024487e-06,
            -5.31668827438726e-05,
            8.570124801008404e-05,
            9.916290689222941e-06,
            -1.5514828959598695e-05
          ],
          [
            -3.168264733800011e-05,
            2.008206885202264e-05,
            -9.363915646751652e-06,
            9.916290689222941e-06,
            0.0005050005401104054,
            -0.00041366418095232794
          ],
          [
            2.069264066834012e-05,
            -2.16421266718102e-05,
            9.573741528813094e-06,
            -1.5514828959598695e-05,
            -0.00041366418095232794,
            0.0005409347068609712
          ]
        ]
      }
    },
    "ga_sen": {
      "electorate": {
        "republican": 0.41,
        "democratic": 0.36,
        "independent": 0.23
      },
      "state": {
        "mean": [
          0.8892103546657808,
          0.09834707189026809,
          0.030503581868654695,
          0.957624402103583,
          0.29409560295541454,
          0.6493793217228006
        ],
        "covariance": [
          [
            0.0002373981187387161,
            -0.00021573129282971727,
            -3.1092647925906786e-06,
            3.04270796295508e-06,
            -4.598767181664576e-05,
            4.2842502093568905e-05
          ],
          [
            -0.00021573129282971727,
            0.00021899770052092338,
            2.944882079455859e-06,
            -3.4287010420509296e-06,
            4.23392241824131e-05,
            -4.4157954453379115e-05
          ],
          [
            -3.1092647925906786e-06,
            2.944882079455859e-06,
            6.052148154659239e-05,
            -5.977340404470206e-05,
            -9.90888678197541e-06,
            1.0094520036422909e-05
          ],
          [
            3.04270796295508e-06,
            -3.4287010420509296e-06,
            -5.977340404470206e-05,
            7.948055728220902e-05,
            1.0232969916821212e-05,
            -1.4038147328209442e-05
          ],
          [
            -4.598767181664576e-05,
            4.23392241824131e-05,
            -9.90888678197541e-06,
            1.0232969916821212e-05,
            0.0012693342723129706,
            -0.001186638270094876
          ],
          [
            4.2842502093568905e-05,
            -4.4157954453379115e-05,
            1.0094520036422909e-05,
            -1.4038147328209442e-05,
            -0.001186638270094876,
            0.0013598571449358044
          ]
        ]
      }
    },
    "me_sen": {
      "electorate": {
        "republican": 0.233,
        "democratic": 0.275,
        "independent": 0.492
      },
      "state": {
        "mean": [
          0.878878872780716,
          0.11850355306166585,
          0.10228193139357356,
          0.901838957476224,
          0.4998644008931836,
          0.49907188028472427
        ],
        "covariance": [
          [
            0.03416928056908281,
            -7.152701305680341e-06,
            -0.00688175040129712,
            -8.442029438034914e-06,
            -0.012312077081593382,
            -1.5103558121866351e-05
          ],
          [
            -7.152701305680341e-06,
            0.03416928056908282,
            -8.442029438035256e-06,
            -0.006881750401297121,
            -1.5103558121866713e-05,
            -0.012312077081593382
          ],
          [
            -0.00688175040129712,
            -8.442029438035256e-06,
            0.03187776240190256,
            -9.963768650042066e-06,
            -0.014531421448232544,
            -1.782608791207587e-05
          ],
          [
            -8.442029438034914e-06,
            -0.006881750401297121,
            -9.963768650042066e-06,
            0.03187776240190256,
            -1.7826087912074774e-05,
            -0.014531421448232539
          ],
          [
            -0.012312077081593382,
            -1.5103558121866713e-05,
            -0.014531421448232544,
            -1.7826087912074774e-05,
            0.014001965990798521,
            -3.189249182814699e-05
          ],
          [
            -1.5103558121866351e-05,
            -0.012312077081593382,
            -1.782608791207587e-05,
            -0.014531421448232539,
            -3.189249182814699e-05,
            0.014001965990798521
          ]
        ]
      }
    },
    "nh_sen": {
      "electorate": {
        "republican": 0.29,
        "democratic": 0.28,
        "independent": 0.43
      },
      "state": {
        "mean": [
          0.86,
          0.1,
          0.08,
          0.88,
          0.46,
          0.46
        ],
        "covariance": [
          [
            0.04,
            0.0,
            0.0,
            0.0,
            0.0,
            0.0
          ],
          [
            0.0,
            0.04,
            0.0,
            0.0,
            0.0,
            0.0
          ],
          [
            0.0,
            0.0,
            0.04,
            0.0,
            0.0,
            0.0
          ],
          [
            0.0,
            0.0,
            0.0,
            0.04,
            0.0,
            0.0
          ],
          [
            0.0,
            0.0,
            0.0,
            0.0,
            0.04,
            0.0
          ],
          [
            0.0,
            0.0,
            0.0,
            0.0,
            0.0,
            0.04
          ]
        ]
      }
    },
    "ia_sen": {
      "electorate": {
        "republican": 0.3564356435643564,
        "democratic": 0.25742574257425743,
        "independent": 0.38613861386138615
      },
      "state": {
        "mean": [
          0.9126508667038917,
          0.05202481879088772,
          0.01605236177687807,
          0.9662610063812608,
          0.3534484885223479,
          0.5061020270131473
        ],
        "covariance": [
          [
            0.00012302261157512033,
            -7.844912498806934e-05,
            -7.211534740050614e-07,
            2.792139440501957e-07,
            -3.0486174778606e-05,
            1.822635321774185e-05
          ],
          [
            -7.844912498806934e-05,
            8.187124570029804e-05,
            5.540275521512444e-07,
            -8.652512124670784e-07,
            1.9323371821592292e-05,
            -2.088223689789918e-05
          ],
          [
            -7.211534740050614e-07,
            5.540275521512444e-07,
            2.42725552986781e-05,
            -2.3812189171159818e-05,
            -4.164303056604315e-06,
            4.245145371139805e-06
          ],
          [
            2.792139440501957e-07,
            -8.652512124670784e-07,
            -2.3812189171159818e-05,
            4.744134268381227e-05,
            4.138318195725793e-06,
            -9.188027067334877e-06
          ],
          [
            -3.0486174778606e-05,
            1.9323371821592292e-05,
            -4.164303056604315e-06,
            4.138318195725793e-06,
            0.0004661969962372448,
            -0.00038144598915245363
          ],
          [
            1.822635321774185e-05,
            -2.088223689789918e-05,
            4.245145371139805e-06,
            -9.188027067334877e-06,
            -0.00038144598915245363,
            0.0004896833707292474
          ]
        ]
      }
    },
    "ak_sen": {
      "electorate": {
        "republican": 0.35,
        "democratic": 0.19,
        "independent": 0.46
      },
      "state": {
        "mean": [
          0.9289451079341575,
          0.06095714463062636,
          0.0511077616007249,
          0.9286253059443467,
          0.3829468344519249,
          0.5369678707750871
        ],
        "covariance": [
          [
            0.0004047963837049975,
            -0.00034649839435877,
            0.0,
            0.0,
            0.0,
            0.0
          ],
          [
            -0.00034649839435877,
            0.00035077244049852276,
            0.0,
            0.0,
            0.0,
            0.0
          ],
          [
            0.0,
            0.0,
            0.0005633383647875601,
            -0.0005482062617073865,
            0.0,
            0.0
          ],
          [
            0.0,
            0.0,
            -0.0005482062617073865,
            0.0007708314874983126,
            0.0,
            0.0
          ],
          [
            0.0,
            0.0,
            0.0,
            0.0,
            0.0007897263112301313,
            -0.0006836909147322982
          ],
          [
            0.0,
            0.0,
            0.0,
            0.0,
            -0.0006836909147322982,
            0.0008323736977241538
          ]
        ]
      }
    },
    "mi_sen": {
      "electorate": {
        "republican": 0.34,
        "democratic": 0.35,
        "independent": 0.31
      },
      "state": {
        "mean": [
          0.86,
          0.1,
          0.08,
          0.88,
          0.46,
          0.46
        ],
        "covariance": [
          [
            0.04,
            0.0,
            0.0,
            0.0,
            0.0,
            0.0
          ],
          [
            0.0,
            0.04,
            0.0,
            0.0,
            0.0,
            0.0
          ],
          [
            0.0,
            0.0,
            0.04,
            0.0,
            0.0,
            0.0
          ],
          [
            0.0,
            0.0,
            0.0,
            0.04,
            0.0,
            0.0
          ],
          [
            0.0,
            0.0,
            0.0,
            0.0,
            0.04,
            0.0
          ],
          [
            0.0,
            0.0,
            0.0,
            0.0,
            0.0,
            0.04
          ]
        ]
      }
    },
    "oh_sen": {
      "electorate": {
        "republican": 0.41,
        "democratic": 0.3,
        "independent": 0.29
      },
      "state": {
        "mean": [
          0.9452767489101727,
          0.054723251089823594,
          0.0186311345596855,
          0.9497818305323508,
          0.33282216876053433,
          0.5662188138048856
        ],
        "covariance": [
          [
            0.00018286299507273542,
            -0.00018286299507273525,
            -7.121069757065975e-06,
            9.89386507243938e-06,
            -9.06238266439401e-05,
            9.103963944697178e-05
          ],
          [
            -0.00018286299507273525,
            0.00018286299507273525,
            7.121069757065973e-06,
            -9.893865072439394e-06,
            9.062382664394006e-05,
            -9.103963944697178e-05
          ],
          [
            -7.121069757065975e-06,
            7.121069757065973e-06,
            9.796754967597476e-05,
            -9.492411204245978e-05,
            -3.2924079338929034e-05,
            3.2210289986287273e-05
          ],
          [
            9.89386507243938e-06,
            -9.893865072439394e-06,
            -9.492411204245978e-05,
            0.0001811767497278713,
            3.0831879679416594e-05,
            -6.80114076550332e-05
          ],
          [
            -9.06238266439401e-05,
            9.062382664394006e-05,
            -3.2924079338929034e-05,
            3.0831879679416594e-05,
            0.0009333806733511327,
            -0.0008430451916285873
          ],
          [
            9.103963944697178e-05,
            -9.103963944697178e-05,
            3.2210289986287273e-05,
            -6.80114076550332e-05,
            -0.0008430451916285873,
            0.0009790658441601778
          ]
        ]
      }
    },
    "nc_sen": {
      "electorate": {
        "republican": 0.37,
        "democratic": 0.32,
        "independent": 0.31
      },
      "state": {
        "mean": [
          0.8364373248275853,
          0.06852397802910726,
          0.04187771726455947,
          0.9192507869415802,
          0.3062466213602277,
          0.5493503596206967
        ],
        "covariance": [
          [
            0.0002693779736362884,
            -0.00011253023740249158,
            0.0,
            0.0,
            0.0,
            0.0
          ],
          [
            -0.00011253023740249158,
            0.00012586228089919065,
            0.0,
            0.0,
            0.0,
            0.0
          ],
          [
            0.0,
            0.0,
            7.724069837822961e-05,
            -7.397920492317725e-05,
            0.0,
            0.0
          ],
          [
            0.0,
            0.0,
            -7.397920492317725e-05,
            0.00014291357347269868,
            0.0,
            0.0
          ],
          [
            0.0,
            0.0,
            0.0,
            0.0,
            0.00039803135171583763,
            -0.00031374621663253954
          ],
          [
            0.0,
            0.0,
            0.0,
            0.0,
            -0.00031374621663253954,
            0.00046493831489319325
          ]
        ]
      }
    },
    "fl_gov": {
      "electorate": {
        "republican": 0.42,
        "democratic": 0.28,
        "independent": 0.3
      },
      "state": {
        "mean": [
          0.86,
          0.1,
          0.08,
          0.88,
          0.46,
          0.46
        ],
        "covariance": [
          [
            0.04,
            0.0,
            0.0,
            0.0,
            0.0,
            0.0
          ],
          [
            0.0,
            0.04,
            0.0,
            0.0,
            0.0,
            0.0
          ],
          [
            0.0,
            0.0,
            0.04,
            0.0,
            0.0,
            0.0
          ],
          [
            0.0,
            0.0,
            0.0,
            0.04,
            0.0,
            0.0
          ],
          [
            0.0,
            0.0,
            0.0,
            0.0,
            0.04,
            0.0
          ],
          [
            0.0,
            0.0,
            0.0,
            0.0,
            0.0,
            0.04
          ]
        ]
      }
    },
    "ga_gov": {
      "electorate": {
        "republican": 0.41,
        "democratic": 0.36,
        "independent": 0.23
      },
      "state": {
        "mean": [
          0.9258819517623421,
          0.07411804823765597,
          0.0483234361891953,
          0.9516765638108069,
          0.4007383912082822,
          0.5210947954676584
        ],
        "covariance": [
          [
            0.00016122052988620054,
            -0.00016122052988620062,
            -3.5861711180561313e-06,
            3.5861711180561317e-06,
            -3.73213589085926e-05,
            3.740208604039304e-05
          ],
          [
            -0.00016122052988620062,
            0.00016122052988620065,
            3.586171118056132e-06,
            -3.586171118056134e-06,
            3.7321358908592615e-05,
            -3.740208604039305e-05
          ],
          [
            -3.5861711180561313e-06,
            3.586171118056132e-06,
            9.784364796980114e-05,
            -9.784364796980115e-05,
            -1.9437337947746217e-05,
            1.9479381447453733e-05
          ],
          [
            3.5861711180561317e-06,
            -3.586171118056134e-06,
            -9.784364796980115e-05,
            9.784364796980123e-05,
            1.943733794774622e-05,
            -1.9479381447453743e-05
          ],
          [
            -3.73213589085926e-05,
            3.7321358908592615e-05,
            -1.9437337947746217e-05,
            1.943733794774622e-05,
            0.0014906492299148599,
            -0.0013432028333474747
          ],
          [
            3.740208604039304e-05,
            -3.740208604039305e-05,
            1.9479381447453733e-05,
            -1.9479381447453743e-05,
            -0.0013432028333474747,
            0.001517802750616751
          ]
        ]
      }
    },
    "tx_gov": {
      "electorate": {
        "republican": 0.41,
        "democratic": 0.3,
        "independent": 0.29
      },
      "state": {
        "mean": [
          0.9136908113483967,
          0.06001602022917383,
          0.06054471232768451,
          0.8951145469937387,
          0.44120049904910974,
          0.4442842541729303
        ],
        "covariance": [
          [
            0.00017068497956081012,
            -0.00012774966168170896,
            -1.7841432043729366e-05,
            1.336485480453422e-05,
            -9.03685216796782e-05,
            6.508408800502932e-05
          ],
          [
            -0.00012774966168170896,
            0.00013231016880104466,
            1.4808838294046983e-05,
            -1.875130245611411e-05,
            6.567416346407262e-05,
            -6.649097411737476e-05
          ],
          [
            -1.7841432043729366e-05,
            1.4808838294046983e-05,
            0.00022610460680706334,
            -0.0002131710030701345,
            -8.328364512028369e-05,
            7.893522441784987e-05
          ],
          [
            1.336485480453422e-05,
            -1.875130245611411e-05,
            -0.0002131710030701345,
            0.00030905083661811783,
            7.738322324031428e-05,
            -0.00011786161822274198
          ],
          [
            -9.03685216796782e-05,
            6.567416346407262e-05,
            -8.328364512028369e-05,
            7.738322324031428e-05,
            0.0008121026196281126,
            -0.0006804546147320882
          ],
          [
            6.508408800502932e-05,
            -6.649097411737476e-05,
            7.893522441784987e-05,
            -0.00011786161822274198,
            -0.0006804546147320882,
            0.0007943859699128887
          ]
        ]
      }
    },
    "nh_gov": {
      "electorate": {
        "republican": 0.29,
        "democratic": 0.28,
        "independent": 0.43
      },
      "state": {
        "mean": [
          0.86,
          0.1,
          0.08,
          0.88,
          0.46,
          0.46
        ],
        "covariance": [
          [
            0.04,
            0.0,
            0.0,
            0.0,
            0.0,
            0.0
          ],
          [
            0.0,
            0.04,
            0.0,
            0.0,
            0.0,
            0.0
          ],
          [
            0.0,
            0.0,
            0.04,
            0.0,
            0.0,
            0.0
          ],
          [
            0.0,
            0.0,
            0.0,
            0.04,
            0.0,
            0.0
          ],
          [
            0.0,
            0.0,
            0.0,
            0.0,
            0.04,
            0.0
          ],
          [
            0.0,
            0.0,
            0.0,
            0.0,
            0.0,
            0.04
          ]
        ]
      }
    },
    "ia_gov": {
      "electorate": {
        "republican": 0.3564356435643564,
        "democratic": 0.25742574257425743,
        "independent": 0.38613861386138615
      },
      "state": {
        "mean": [
          0.8504559456893958,
          0.12050885294108184,
          0.021104506643748744,
          0.9686316622542507,
          0.3246007432899101,
          0.5403041349971837
        ],
        "covariance": [
          [
            0.00031233148318450115,
            -0.00025384358834568306,
            -2.781555299148907e-06,
            2.638444667993228e-06,
            -0.0001432325005269507,
            0.00010899491486523941
          ],
          [
            -0.00025384358834568306,
            0.00026678532559237567,
            2.457971848234357e-06,
            -3.029030390568885e-06,
            0.00011372513861557566,
            -0.0001254471101305472
          ],
          [
            -2.781555299148907e-06,
            2.457971848234357e-06,
            4.100861277196894e-05,
            -4.052104451335612e-05,
            -1.2166967241475802e-05,
            1.2516542449609065e-05
          ],
          [
            2.638444667993228e-06,
            -3.029030390568885e-06,
            -4.052104451335612e-05,
            6.074614529799102e-05,
            1.1449805364896214e-05,
            -2.1189386084840642e-05
          ],
          [
            -0.0001432325005269507,
            0.00011372513861557566,
            -1.2166967241475802e-05,
            1.1449805364896214e-05,
            0.0007677832356522738,
            -0.0006518399221993299
          ],
          [
            0.00010899491486523941,
            -0.0001254471101305472,
            1.2516542449609065e-05,
            -2.1189386084840642e-05,
            -0.0006518399221993299,
            0.0008142722706362516
          ]
        ]
      }
    },
    "pa_gov": {
      "electorate": {
        "republican": 0.4,
        "democratic": 0.37,
        "independent": 0.23
      },
      "state": {
        "mean": [
          0.6878578120225968,
          0.22108797924698279,
          0.0,
          0.9920063808034586,
          0.36101824191299325,
          0.5296255880670148
        ],
        "covariance": [
          [
            0.021909206171260468,
            -0.00017706580036162258,
            -0.016733984291584073,
            -0.00016378586533450067,
            -0.010402206451525235,
            -0.00010181283520793276
          ],
          [
            -0.00017706580036162258,
            0.021929435049965612,
            -0.00016378586533450114,
            -0.01671527257878181,
            -0.00010181283520793292,
            -0.010390574846269773
          ],
          [
            -0.016733984291584073,
            -0.00016378586533450114,
            0.024521064530284735,
            -0.00015150192543441347,
            -0.009622040967660839,
            -9.417687256733817e-05
          ],
          [
            -0.00016378586533450067,
            -0.01671527257878181,
            -0.00015150192543441347,
            0.024538372864626828,
            -9.417687256733795e-05,
            -0.009611281732799539
          ],
          [
            -0.010402206451525235,
            -0.00010181283520793292,
            -0.009622040967660839,
            -9.417687256733795e-05,
            0.03401873129037299,
            -5.854238024456139e-05
          ],
          [
            -0.00010181283520793276,
            -0.010390574846269773,
            -9.417687256733817e-05,
            -0.009611281732799539,
            -5.854238024456139e-05,
            0.034025419463394886
          ]
        ]
      }
    },
    "az_gov": {
      "electorate": {
        "republican": 0.34,
        "democratic": 0.27,
        "independent": 0.39
      },
      "state": {
        "mean": [
          0.86,
          0.1,
          0.08,
          0.88,
          0.46,
          0.46
        ],
        "covariance": [
          [
            0.04,
            0.0,
            0.0,
            0.0,
            0.0,
            0.0
          ],
          [
            0.0,
            0.04,
            0.0,
            0.0,
            0.0,
            0.0
          ],
          [
            0.0,
            0.0,
            0.04,
            0.0,
            0.0,
            0.0
          ],
          [
            0.0,
            0.0,
            0.0,
            0.04,
            0.0,
            0.0
          ],
          [
            0.0,
            0.0,
            0.0,
            0.0,
            0.04,
            0.0
          ],
          [
            0.0,
            0.0,
            0.0,
            0.0,
            0.0,
            0.04
          ]
        ]
      }
    },
    "oh_gov": {
      "electorate": {
        "republican": 0.41,
        "democratic": 0.3,
        "independent": 0.29
      },
      "state": {
        "mean": [
          0.8033486784870133,
          0.1303917460396837,
          0.03854781352708302,
          0.9022378629558657,
          0.4199295530761801,
          0.48149660085733725
        ],
        "covariance": [
          [
            0.020545097141840954,
            -0.00016741462715197863,
            -0.014235294774262722,
            -0.00012249850767217932,
            -0.013760784948453966,
            -0.00011841522408310679
          ],
          [
            -0.00016741462715197863,
            0.02054523556001229,
            -0.0001224985076721793,
            -0.014235193492673937,
            -0.00011841522408310676,
            -0.01376068704291814
          ],
          [
            -0.014235294774262722,
            -0.0001224985076721793,
            0.029583930652978502,
            -8.963305439427762e-05,
            -0.010068867035454118,
            -8.664528591446838e-05
          ],
          [
            -0.00012249850767217932,
            -0.014235193492673937,
            -8.963305439427762e-05,
            0.02958400476145808,
            -8.664528591446831e-05,
            -0.010068795397257175
          ],
          [
            -0.013760784948453966,
            -0.00011841522408310676,
            -0.010068867035454118,
            -8.664528591446831e-05,
            0.030266761865727687,
            -8.375710971731954e-05
          ],
          [
            -0.00011841522408310679,
            -0.01376068704291814,
            -8.664528591446838e-05,
            -0.010068795397257175,
            -8.375710971731954e-05,
            0.03026683111598473
          ]
        ]
      }
    },
    "mi_gov": {
      "electorate": {
        "republican": 0.34,
        "democratic": 0.35,
        "independent": 0.31
      },
      "state": {
        "mean": [
          0.86,
          0.1,
          0.08,
          0.88,
          0.46,
          0.46
        ],
        "covariance": [
          [
            0.04,
            0.0,
            0.0,
            0.0,
            0.0,
            0.0
          ],
          [
            0.0,
            0.04,
            0.0,
            0.0,
            0.0,
            0.0
          ],
          [
            0.0,
            0.0,
            0.04,
            0.0,
            0.0,
            0.0
          ],
          [
            0.0,
            0.0,
            0.0,
            0.04,
            0.0,
            0.0
          ],
          [
            0.0,
            0.0,
            0.0,
            0.0,
            0.04,
            0.0
          ],
          [
            0.0,
            0.0,
            0.0,
            0.0,
            0.0,
            0.04
          ]
        ]
      }
    },
    "wi_gov": {
      "electorate": {
        "republican": 0.37,
        "democratic": 0.33,
        "independent": 0.3
      },
      "state": {
        "mean": [
          0.86,
          0.1,
          0.08,
          0.88,
          0.46,
          0.46
        ],
        "covariance": [
          [
            0.04,
            0.0,
            0.0,
            0.0,
            0.0,
            0.0
          ],
          [
            0.0,
            0.04,
            0.0,
            0.0,
            0.0,
            0.0
          ],
          [
            0.0,
            0.0,
            0.04,
            0.0,
            0.0,
            0.0
          ],
          [
            0.0,
            0.0,
            0.0,
            0.04,
            0.0,
            0.0
          ],
          [
            0.0,
            0.0,
            0.0,
            0.0,
            0.04,
            0.0
          ],
          [
            0.0,
            0.0,
            0.0,
            0.0,
            0.0,
            0.04
          ]
        ]
      }
    },
    "us_house_generic": {
      "electorate": {
        "republican": 0.35,
        "democratic": 0.35,
        "independent": 0.3
      },
      "state": {
        "mean": [
          1.0,
          0.02232251652330786,
          0.012246420621431916,
          0.9999602457020812,
          0.2977906240919932,
          0.5147422589498235
        ],
        "covariance": [
          [
            0.00010034371768603468,
            -2.0837361317815372e-05,
            -9.00452019038152e-06,
            1.2826445623692764e-06,
            -9.976553678035991e-05,
            1.6016975916778376e-05
          ],
          [
            -2.0837361317815372e-05,
            3.8059908089013066e-05,
            2.770360837569895e-06,
            -1.142519362878251e-05,
            1.8893879529307143e-05,
            -2.888954583929154e-05
          ],
          [
            -9.00452019038152e-06,
            2.770360837569895e-06,
            1.694060810774065e-05,
            -1.2762779971669856e-05,
            -8.362276732302708e-06,
            1.0761329818500752e-05
          ],
          [
            1.2826445623692764e-06,
            -1.142519362878251e-05,
            -1.2762779971669856e-05,
            8.405731777473324e-05,
            9.950499949272705e-06,
            -8.129448680870606e-05
          ],
          [
            -9.976553678035991e-05,
            1.8893879529307143e-05,
            -8.362276732302708e-06,
            9.950499949272705e-06,
            0.00013253515744136878,
            -4.0037817734942826e-05
          ],
          [
            1.6016975916778376e-05,
            -2.888954583929154e-05,
            1.0761329818500752e-05,
            -8.129448680870606e-05,
            -4.0037817734942826e-05,
            0.00013734449913309482
          ]
        ]
      }
    }
  }
}
